# Oscilloscope file ./ramp1up.bin
# Channel 1
Time / s;Voltage / V
0;3.92
0.25;3.8
0.5;3.84
0.75;3.84
1;3.88
1.25;3.8
1.5;3.84
1.75;3.84
2;3.88
2.25;3.8
2.5;3.84
2.75;3.84
3;3.88
3.25;3.8
3.5;3.84
3.75;3.84
4;3.88
4.25;3.8
4.5;3.84
4.75;3.84
5;3.88
5.25;3.8
5.5;3.8
5.75;3.8
6;3.88
6.25;3.76
6.5;3.8
6.75;3.8
7;3.84
7.25;3.76
7.5;3.8
7.75;3.8
8;3.84
8.25;3.76
8.5;3.8
8.75;3.8
9;3.84
9.25;3.76
9.5;3.8
9.75;3.8
10;3.84
10.25;3.76
10.5;3.76
10.75;3.8
11;3.84
11.25;3.72
11.5;3.76
11.75;3.76
12;3.84
12.25;3.72
12.5;3.8
12.75;3.76
13;3.8
13.25;3.72
13.5;3.76
13.75;3.76
14;3.8
14.25;3.72
14.5;3.76
14.75;3.76
15;3.8
15.25;3.72
15.5;3.76
15.75;3.76
16;3.8
16.25;3.72
16.5;3.76
16.75;3.72
17;3.8
17.25;3.68
17.5;3.76
17.75;3.72
18;3.76
18.25;3.68
18.5;3.76
18.75;3.76
19;3.76
19.25;3.68
19.5;3.72
19.75;3.72
20;3.76
20.25;3.68
20.5;3.68
20.75;3.72
21;3.76
21.25;3.68
21.5;3.72
21.75;3.72
22;3.76
22.25;3.68
22.5;3.68
22.75;3.68
23;3.76
23.25;3.64
23.5;3.68
23.75;3.72
24;3.76
24.25;3.64
24.5;3.72
24.75;3.68
25;3.72
25.25;3.64
25.5;3.68
25.75;3.68
26;3.72
26.25;3.64
26.5;3.68
26.75;3.68
27;3.72
27.25;3.64
27.5;3.68
27.75;3.64
28;3.72
28.25;3.6
28.5;3.68
28.75;3.64
29;3.72
29.25;3.6
29.5;3.64
29.75;3.64
30;3.68
30.25;3.6
30.5;3.64
30.75;3.6
31;3.68
31.25;3.6
31.5;3.64
31.75;3.64
32;3.68
32.25;3.6
32.5;3.64
32.75;3.64
33;3.68
33.25;3.6
33.5;3.64
33.75;3.64
34;3.68
34.25;3.56
34.5;3.6
34.75;3.6
35;3.68
35.25;3.56
35.5;3.64
35.75;3.64
36;3.64
36.25;3.56
36.5;3.56
36.75;3.6
37;3.64
37.25;3.56
37.5;3.6
37.75;3.56
38;3.64
38.25;3.56
38.5;3.56
38.75;3.6
39;3.64
39.25;3.52
39.5;3.56
39.75;3.56
40;3.6
40.25;3.52
40.5;3.56
40.75;3.56
41;3.6
41.25;3.52
41.5;3.56
41.75;3.56
42;3.6
42.25;3.52
42.5;3.56
42.75;3.56
43;3.6
43.25;3.52
43.5;3.52
43.75;3.56
44;3.6
44.25;3.52
44.5;3.56
44.75;3.56
45;3.6
45.25;3.48
45.5;3.52
45.75;3.52
46;3.6
46.25;3.48
46.5;3.52
46.75;3.52
47;3.56
47.25;3.48
47.5;3.52
47.75;3.52
48;3.56
48.25;3.48
48.5;3.52
48.75;3.52
49;3.56
49.25;3.48
49.5;3.52
49.75;3.52
50;3.56
50.25;3.44
50.5;3.48
50.75;3.48
51;3.52
51.25;3.44
51.5;3.48
51.75;3.48
52;3.52
52.25;3.44
52.5;3.48
52.75;3.48
53;3.52
53.25;3.44
53.5;3.48
53.75;3.48
54;3.52
54.25;3.44
54.5;3.48
54.75;3.48
55;3.52
55.25;3.44
55.5;3.48
55.75;3.44
56;3.52
56.25;3.4
56.5;3.48
56.75;3.44
57;3.48
57.25;3.4
57.5;3.44
57.75;3.44
58;3.48
58.25;3.4
58.5;3.44
58.75;3.44
59;3.48
59.25;3.4
59.5;3.44
59.75;3.44
60;3.48
60.25;3.4
60.5;3.44
60.75;3.44
61;3.48
61.25;3.36
61.5;3.44
61.75;3.44
62;3.44
62.25;3.36
62.5;3.4
62.75;3.4
63;3.44
63.25;3.36
63.5;3.4
63.75;3.4
64;3.44
64.25;3.36
64.5;3.4
64.75;3.4
65;3.44
65.25;3.36
65.5;3.4
65.75;3.36
66;3.44
66.25;3.32
66.5;3.4
66.75;3.4
67;3.44
67.25;3.32
67.5;3.36
67.75;3.36
68;3.44
68.25;3.32
68.5;3.36
68.75;3.36
69;3.4
69.25;3.16
69.5;3.36
69.75;3.4
70;3.4
70.25;3.32
70.5;3.36
70.75;3.36
71;3.4
71.25;3.32
71.5;3.36
71.75;3.36
72;3.4
72.25;3.32
72.5;3.32
72.75;3.32
73;3.4
73.25;3.28
73.5;3.36
73.75;3.32
74;3.36
74.25;3.28
74.5;3.32
74.75;3.32
75;3.36
75.25;3.28
75.5;3.32
75.75;3.32
76;3.36
76.25;3.28
76.5;3.32
76.75;3.32
77;3.36
77.25;3.28
77.5;3.32
77.75;3.32
78;3.36
78.25;3.24
78.5;3.28
78.75;3.32
79;3.36
79.25;3.24
79.5;3.28
79.75;3.32
80;3.32
80.25;3.24
80.5;3.28
80.75;3.32
81;3.32
81.25;3.24
81.5;3.28
81.75;3.28
82;3.32
82.25;3.24
82.5;3.28
82.75;3.28
83;3.32
83.25;3.24
83.5;3.28
83.75;3.24
84;3.32
84.25;3.2
84.5;3.28
84.75;3.24
85;3.28
85.25;3.2
85.5;3.24
85.75;3.24
86;3.28
86.25;3.2
86.5;3.24
86.75;3.24
87;3.28
87.25;3.2
87.5;3.24
87.75;3.2
88;3.28
88.25;3.2
88.5;3.24
88.75;3.24
89;3.28
89.25;3.16
89.5;3.2
89.75;3.24
90;3.28
90.25;3.16
90.5;3.24
90.75;3.2
91;3.24
91.25;3.16
91.5;3.2
91.75;3.2
92;3.24
92.25;3.16
92.5;3.2
92.75;3.2
93;3.24
93.25;3.16
93.5;3.2
93.75;3.2
94;3.24
94.25;3.16
94.5;3.2
94.75;3.2
95;3.24
95.25;3.12
95.5;3.16
95.75;3.16
96;3.24
96.25;3.12
96.5;3.16
96.75;3.16
97;3.2
97.25;3.12
97.5;3.16
97.75;3.16
98;3.2
98.25;3.12
98.5;3.16
98.75;3.16
99;3.2
99.25;3.12
99.5;3.16
99.75;3.16
100;3.2
100.25;3.08
100.5;3.12
100.75;3.12
101;3.16
101.25;3.08
101.5;3.16
101.75;3.12
102;3.2
102.25;3.08
102.5;3.12
102.75;3.12
103;3.16
103.25;3.08
103.5;3.12
103.75;3.12
104;3.16
104.25;3.04
104.5;3.12
104.75;3.12
105;3.16
105.25;3.08
105.5;3.12
105.75;3.08
106;3.16
106.25;3.04
106.5;3.08
106.75;3.12
107;3.16
107.25;3.04
107.5;3.12
107.75;3.08
108;3.12
108.25;3.04
108.5;3.08
108.75;3.08
109;3.12
109.25;3.04
109.5;3.04
109.75;3.04
110;3.12
110.25;3.04
110.5;3.08
110.75;3.08
111;3.12
111.25;3.04
111.5;3.04
111.75;3.08
112;3.12
112.25;3
112.5;3.04
112.75;3.04
113;3.08
113.25;3
113.5;3.04
113.75;3.04
114;3.08
114.25;3
114.5;3.04
114.75;3
115;3.08
115.25;3
115.5;3.04
115.75;3.04
116;3.08
116.25;3
116.5;3
116.75;3.04
117;3.08
117.25;2.96
117.5;3.04
117.75;3
118;3.08
118.25;2.96
118.5;3
118.75;3
119;3.04
119.25;2.96
119.5;3.04
119.75;3.04
120;3.04
120.25;2.96
120.5;3
120.75;3
121;3.04
121.25;2.96
121.5;3
121.75;2.96
122;3.04
122.25;2.96
122.5;2.96
122.75;3
123;3.04
123.25;2.92
123.5;2.96
123.75;3
124;3
124.25;2.92
124.5;3
124.75;2.96
125;3
125.25;2.92
125.5;2.96
125.75;2.96
126;3
126.25;2.92
126.5;2.96
126.75;2.96
127;3
127.25;2.92
127.5;2.96
127.75;2.96
128;3
128.25;2.92
128.5;2.92
128.75;2.92
129;2.96
129.25;2.88
129.5;2.96
129.75;2.96
130;2.96
130.25;2.88
130.5;2.92
130.75;2.92
131;2.96
131.25;2.88
131.5;2.92
131.75;2.92
132;2.96
132.25;2.88
132.5;2.92
132.75;2.88
133;2.96
133.25;2.88
133.5;2.88
133.75;2.88
134;2.96
134.25;2.84
134.5;2.88
134.75;2.88
135;2.92
135.25;2.84
135.5;2.88
135.75;2.88
136;2.92
136.25;2.84
136.5;2.88
136.75;2.92
137;2.92
137.25;2.84
137.5;2.88
137.75;2.88
138;2.92
138.25;2.84
138.5;2.84
138.75;2.88
139;2.92
139.25;2.84
139.5;2.84
139.75;2.84
140;2.88
140.25;2.8
140.5;2.84
140.75;2.84
141;2.88
141.25;2.8
141.5;2.84
141.75;2.84
142;2.88
142.25;2.8
142.5;2.84
142.75;2.84
143;2.88
143.25;2.8
143.5;2.84
143.75;2.8
144;2.88
144.25;2.8
144.5;2.84
144.75;2.84
145;2.88
145.25;2.76
145.5;2.8
145.75;2.8
146;2.84
146.25;2.76
146.5;2.8
146.75;2.84
147;2.84
147.25;2.76
147.5;2.8
147.75;2.8
148;2.84
148.25;2.76
148.5;2.8
148.75;2.8
149;2.84
149.25;2.76
149.5;2.76
149.75;2.76
150;2.84
150.25;2.72
150.5;2.76
150.75;2.76
151;2.84
151.25;2.72
151.5;2.76
151.75;2.76
152;2.8
152.25;2.72
152.5;2.76
152.75;2.76
153;2.8
153.25;2.72
153.5;2.76
153.75;2.76
154;2.8
154.25;2.72
154.5;2.76
154.75;2.76
155;2.8
155.25;2.72
155.5;2.76
155.75;2.76
156;2.8
156.25;2.68
156.5;2.76
156.75;2.76
157;2.76
157.25;2.68
157.5;2.72
157.75;2.72
158;2.76
158.25;2.68
158.5;2.72
158.75;2.72
159;2.76
159.25;2.68
159.5;2.72
159.75;2.72
160;2.76
160.25;2.68
160.5;2.72
160.75;2.72
161;2.76
161.25;2.68
161.5;2.68
161.75;2.68
162;2.76
162.25;2.64
162.5;2.68
162.75;2.72
163;2.72
163.25;2.64
163.5;2.68
163.75;2.68
164;2.72
164.25;2.64
164.5;2.68
164.75;2.64
165;2.72
165.25;2.64
165.5;2.68
165.75;2.68
166;2.72
166.25;2.64
166.5;2.68
166.75;2.68
167;2.72
167.25;2.6
167.5;2.68
167.75;2.64
168;2.72
168.25;2.6
168.5;2.64
168.75;2.68
169;2.68
169.25;2.6
169.5;2.64
169.75;2.64
170;2.68
170.25;2.6
170.5;2.64
170.75;2.64
171;2.68
171.25;2.6
171.5;2.64
171.75;2.6
172;2.68
172.25;2.56
172.5;2.6
172.75;2.64
173;2.68
173.25;2.56
173.5;2.6
173.75;2.6
174;2.64
174.25;2.56
174.5;2.6
174.75;2.64
175;2.64
175.25;2.56
175.5;2.6
175.75;2.6
176;2.64
176.25;2.56
176.5;2.6
176.75;2.6
177;2.64
177.25;2.56
177.5;2.6
177.75;2.6
178;2.64
178.25;2.52
178.5;2.56
178.75;2.56
179;2.6
179.25;2.52
179.5;2.56
179.75;2.56
180;2.6
180.25;2.52
180.5;2.56
180.75;2.56
181;2.6
181.25;2.52
181.5;2.56
181.75;2.56
182;2.6
182.25;2.48
182.5;2.56
182.75;2.56
183;2.6
183.25;2.52
183.5;2.52
183.75;2.52
184;2.6
184.25;2.48
184.5;2.52
184.75;2.52
185;2.56
185.25;2.48
185.5;2.56
185.75;2.52
186;2.56
186.25;2.48
186.5;2.52
186.75;2.52
187;2.56
187.25;2.48
187.5;2.52
187.75;2.52
188;2.56
188.25;2.48
188.5;2.52
188.75;2.52
189;2.56
189.25;2.48
189.5;2.52
189.75;2.52
190;2.56
190.25;2.44
190.5;2.48
190.75;2.52
191;2.52
191.25;2.44
191.5;2.48
191.75;2.48
192;2.52
192.25;2.44
192.5;2.48
192.75;2.48
193;2.52
193.25;2.44
193.5;2.48
193.75;2.48
194;2.52
194.25;2.4
194.5;2.48
194.75;2.48
195;2.52
195.25;2.4
195.5;2.44
195.75;2.44
196;2.48
196.25;2.4
196.5;2.44
196.75;2.44
197;2.48
197.25;2.4
197.5;2.44
197.75;2.44
198;2.48
198.25;2.4
198.5;2.44
198.75;2.44
199;2.48
199.25;2.4
199.5;2.44
199.75;2.4
200;2.48
200.25;2.36
200.5;2.44
200.75;2.44
201;2.48
201.25;2.36
201.5;2.44
201.75;2.44
202;2.44
202.25;2.36
202.5;2.4
202.75;2.4
203;2.44
203.25;2.36
203.5;2.4
203.75;2.4
204;2.44
204.25;2.36
204.5;2.4
204.75;2.36
205;2.44
205.25;2.32
205.5;2.4
205.75;2.4
206;2.44
206.25;2.32
206.5;2.36
206.75;2.36
207;2.4
207.25;2.32
207.5;2.36
207.75;2.4
208;2.4
208.25;2.32
208.5;2.36
208.75;2.36
209;2.4
209.25;2.32
209.5;2.36
209.75;2.36
210;2.4
210.25;2.32
210.5;2.36
210.75;2.36
211;2.4
211.25;2.28
211.5;2.36
211.75;2.36
212;2.4
212.25;2.28
212.5;2.32
212.75;2.32
213;2.36
213.25;2.28
213.5;2.32
213.75;2.32
214;2.36
214.25;2.28
214.5;2.32
214.75;2.32
215;2.36
215.25;2.28
215.5;2.28
215.75;2.28
216;2.36
216.25;2.24
216.5;2.32
216.75;2.28
217;2.36
217.25;2.24
217.5;2.28
217.75;2.28
218;2.32
218.25;2.24
218.5;2.32
218.75;2.32
219;2.32
219.25;2.24
219.5;2.28
219.75;2.28
220;2.32
220.25;2.24
220.5;2.28
220.75;2.28
221;2.32
221.25;2.24
221.5;2.28
221.75;2.28
222;2.32
222.25;2.2
222.5;2.24
222.75;2.28
223;2.32
223.25;2.2
223.5;2.24
223.75;2.24
224;2.28
224.25;2.2
224.5;2.24
224.75;2.24
225;2.28
225.25;2.2
225.5;2.24
225.75;2.24
226;2.28
226.25;2.2
226.5;2.2
226.75;2.24
227;2.28
227.25;2.2
227.5;2.2
227.75;2.24
228;2.28
228.25;2.16
228.5;2.24
228.75;2.24
229;2.24
229.25;2.16
229.5;2.24
229.75;2.24
230;2.24
230.25;2.16
230.5;2.2
230.75;2.2
231;2.24
231.25;2.16
231.5;2.2
231.75;2.2
232;2.24
232.25;2.16
232.5;2.2
232.75;2.2
233;2.24
233.25;2.16
233.5;2.16
233.75;2.2
234;2.24
234.25;2.12
234.5;2.2
234.75;2.2
235;2.2
235.25;2.12
235.5;2.16
235.75;2.16
236;2.2
236.25;2.12
236.5;2.16
236.75;2.16
237;2.2
237.25;2.12
237.5;2.16
237.75;2.16
238;2.2
238.25;2.12
238.5;2.16
238.75;2.12
239;2.2
239.25;2.08
239.5;2.12
239.75;2.16
240;2.2
240.25;2.08
240.5;2.12
240.75;2.12
241;2.16
241.25;2.08
241.5;2.12
241.75;2.12
242;2.16
242.25;2.08
242.5;2.16
242.75;2.12
243;2.16
243.25;2.08
243.5;2.12
243.75;2.12
244;2.16
244.25;2.08
244.5;2.12
244.75;2.12
245;2.12
245.25;2.04
245.5;2.08
245.75;2.08
246;2.12
246.25;2.04
246.5;2.08
246.75;2.12
247;2.12
247.25;2.04
247.5;2.08
247.75;2.08
248;2.12
248.25;2.04
248.5;2.08
248.75;2.08
249;2.12
249.25;2.04
249.5;2.08
249.75;2.08
250;2.12
250.25;2.04
250.5;2.08
250.75;2.04
251;2.12
251.25;2
251.5;2.08
251.75;2.04
252;2.08
252.25;2
252.5;2.08
252.75;2.04
253;2.08
253.25;2
253.5;2.04
253.75;2.04
254;2.08
254.25;2
254.5;2.04
254.75;2.04
255;2.08
255.25;1.96
255.5;2.04
255.75;2.04
256;2.08
256.25;1.96
256.5;2
256.75;2.04
257;2.04
257.25;1.96
257.5;2
257.75;2.04
258;2.04
258.25;1.96
258.5;2
258.75;2
259;2.04
259.25;1.96
259.5;2
259.75;2
260;2.04
260.25;1.96
260.5;2
260.75;1.96
261;2.04
261.25;1.96
261.5;2
261.75;2
262;2.04
262.25;1.92
262.5;1.96
262.75;1.96
263;2
263.25;1.92
263.5;2
263.75;1.96
264;2
264.25;1.92
264.5;1.96
264.75;2
265;2
265.25;1.92
265.5;2
265.75;1.96
266;2
266.25;1.92
266.5;1.96
266.75;1.96
267;2
267.25;1.92
267.5;1.96
267.75;1.92
268;1.96
268.25;1.88
268.5;1.92
268.75;1.92
269;1.96
269.25;1.88
269.5;1.92
269.75;1.92
270;1.96
270.25;1.88
270.5;1.92
270.75;1.92
271;1.96
271.25;1.84
271.5;1.88
271.75;1.92
272;1.96
272.25;1.88
272.5;1.88
272.75;1.92
273;1.92
273.25;1.84
273.5;1.92
273.75;1.92
274;1.92
274.25;1.84
274.5;1.88
274.75;1.88
275;1.92
275.25;1.84
275.5;1.88
275.75;1.88
276;1.92
276.25;1.84
276.5;1.88
276.75;1.88
277;1.92
277.25;1.84
277.5;1.88
277.75;1.88
278;1.92
278.25;1.8
278.5;1.88
278.75;1.84
279;1.88
279.25;1.8
279.5;1.84
279.75;1.84
280;1.88
280.25;1.8
280.5;1.84
280.75;1.88
281;1.88
281.25;1.8
281.5;1.84
281.75;1.84
282;1.88
282.25;1.8
282.5;1.8
282.75;1.84
283;1.88
283.25;1.76
283.5;1.8
283.75;1.84
284;1.88
284.25;1.76
284.5;1.8
284.75;1.8
285;1.88
285.25;1.76
285.5;1.8
285.75;1.84
286;1.84
286.25;1.76
286.5;1.8
286.75;1.84
287;1.84
287.25;1.76
287.5;1.8
287.75;1.8
288;1.84
288.25;1.76
288.5;1.8
288.75;1.8
289;1.84
289.25;1.76
289.5;1.8
289.75;1.8
290;1.84
290.25;1.72
290.5;1.8
290.75;1.76
291;1.8
291.25;1.72
291.5;1.76
291.75;1.76
292;1.8
292.25;1.72
292.5;1.76
292.75;1.76
293;1.8
293.25;1.72
293.5;1.76
293.75;1.76
294;1.8
294.25;1.72
294.5;1.76
294.75;1.72
295;1.8
295.25;1.68
295.5;1.76
295.75;1.72
296;1.76
296.25;1.68
296.5;1.72
296.75;1.72
297;1.76
297.25;1.68
297.5;1.72
297.75;1.72
298;1.76
298.25;1.68
298.5;1.72
298.75;1.72
299;1.76
299.25;1.68
299.5;1.68
299.75;1.68
300;1.76
300.25;1.64
300.5;1.72
300.75;1.72
301;1.76
301.25;1.64
301.5;1.68
301.75;1.68
302;1.72
302.25;1.64
302.5;1.72
302.75;1.68
303;1.72
303.25;1.64
303.5;1.68
303.75;1.68
304;1.72
304.25;1.64
304.5;1.68
304.75;1.64
305;1.72
305.25;1.64
305.5;1.68
305.75;1.64
306;1.72
306.25;1.6
306.5;1.68
306.75;1.64
307;1.68
307.25;1.6
307.5;1.68
307.75;1.64
308;1.68
308.25;1.6
308.5;1.64
308.75;1.64
309;1.68
309.25;1.6
309.5;1.64
309.75;1.64
310;1.68
310.25;1.6
310.5;1.6
310.75;1.64
311;1.68
311.25;1.6
311.5;1.6
311.75;1.6
312;1.68
312.25;1.56
312.5;1.6
312.75;1.6
313;1.64
313.25;1.56
313.5;1.6
313.75;1.6
314;1.64
314.25;1.56
314.5;1.64
314.75;1.6
315;1.64
315.25;1.56
315.5;1.6
315.75;1.6
316;1.64
316.25;1.56
316.5;1.6
316.75;1.6
317;1.64
317.25;1.52
317.5;1.56
317.75;1.6
318;1.6
318.25;1.52
318.5;1.56
318.75;1.56
319;1.6
319.25;1.52
319.5;1.6
319.75;1.56
320;1.6
320.25;1.52
320.5;1.56
320.75;1.56
321;1.6
321.25;1.52
321.5;1.56
321.75;1.52
322;1.6
322.25;1.52
322.5;1.52
322.75;1.52
323;1.56
323.25;1.48
323.5;1.52
323.75;1.52
324;1.56
324.25;1.48
324.5;1.52
324.75;1.52
325;1.56
325.25;1.48
325.5;1.52
325.75;1.52
326;1.56
326.25;1.48
326.5;1.52
326.75;1.52
327;1.56
327.25;1.48
327.5;1.52
327.75;1.52
328;1.56
328.25;1.44
328.5;1.48
328.75;1.52
329;1.52
329.25;1.44
329.5;1.52
329.75;1.48
330;1.52
330.25;1.44
330.5;1.48
330.75;1.48
331;1.52
331.25;1.44
331.5;1.48
331.75;1.48
332;1.52
332.25;1.44
332.5;1.44
332.75;1.48
333;1.52
333.25;1.4
333.5;1.44
333.75;1.48
334;1.52
334.25;1.4
334.5;1.44
334.75;1.44
335;1.52
335.25;1.4
335.5;1.44
335.75;1.44
336;1.48
336.25;1.4
336.5;1.44
336.75;1.44
337;1.48
337.25;1.4
337.5;1.44
337.75;1.44
338;1.48
338.25;1.4
338.5;1.44
338.75;1.44
339;1.48
339.25;1.4
339.5;1.4
339.75;1.4
340;1.48
340.25;1.36
340.5;1.44
340.75;1.44
341;1.44
341.25;1.36
341.5;1.4
341.75;1.44
342;1.44
342.25;1.36
342.5;1.4
342.75;1.4
343;1.44
343.25;1.36
343.5;1.4
343.75;1.4
344;1.44
344.25;1.36
344.5;1.4
344.75;1.4
345;1.44
345.25;1.32
345.5;1.4
345.75;1.36
346;1.44
346.25;1.32
346.5;1.36
346.75;1.36
347;1.4
347.25;1.32
347.5;1.36
347.75;1.4
348;1.4
348.25;1.32
348.5;1.36
348.75;1.36
349;1.4
349.25;1.32
349.5;1.36
349.75;1.36
350;1.4
350.25;1.28
350.5;1.36
350.75;1.36
351;1.4
351.25;1.28
351.5;1.36
351.75;1.32
352;1.4
352.25;1.28
352.5;1.32
352.75;1.32
353;1.36
353.25;1.28
353.5;1.36
353.75;1.32
354;1.36
354.25;1.28
354.5;1.32
354.75;1.28
355;1.36
355.25;1.28
355.5;1.28
355.75;1.28
356;1.36
356.25;1.24
356.5;1.32
356.75;1.28
357;1.32
357.25;1.24
357.5;1.28
357.75;1.28
358;1.32
358.25;1.24
358.5;1.28
358.75;1.28
359;1.32
359.25;1.24
359.5;1.28
359.75;1.28
360;1.32
360.25;1.24
360.5;1.24
360.75;1.24
361;1.32
361.25;1.24
361.5;1.28
361.75;1.28
362;1.28
362.25;1.2
362.5;1.24
362.75;1.28
363;1.28
363.25;1.2
363.5;1.24
363.75;1.24
364;1.28
364.25;1.2
364.5;1.24
364.75;1.2
365;1.28
365.25;1.2
365.5;1.24
365.75;1.24
366;1.28
366.25;1.2
366.5;1.24
366.75;1.24
367;1.28
367.25;1.16
367.5;1.24
367.75;1.2
368;1.28
368.25;1.16
368.5;1.2
368.75;1.24
369;1.24
369.25;1.16
369.5;1.2
369.75;1.2
370;1.24
370.25;1.16
370.5;1.24
370.75;1.2
371;1.24
371.25;1.16
371.5;1.2
371.75;1.2
372;1.24
372.25;1.16
372.5;1.2
372.75;1.16
373;1.2
373.25;1.12
373.5;1.16
373.75;1.16
374;1.2
374.25;1.12
374.5;1.16
374.75;1.2
375;1.2
375.25;1.12
375.5;1.16
375.75;1.16
376;1.2
376.25;1.12
376.5;1.16
376.75;1.16
377;1.2
377.25;1.08
377.5;1.16
377.75;1.16
378;1.2
378.25;1.08
378.5;1.16
378.75;1.12
379;1.16
379.25;1.08
379.5;1.12
379.75;1.16
380;1.16
380.25;1.08
380.5;1.12
380.75;1.12
381;1.16
381.25;1.08
381.5;1.12
381.75;1.12
382;1.16
382.25;1.08
382.5;1.08
382.75;1.12
383;1.16
383.25;1.08
383.5;1.08
383.75;1.12
384;1.12
384.25;1.04
384.5;1.12
384.75;1.08
385;1.12
385.25;1.04
385.5;1.08
385.75;1.08
386;1.12
386.25;1.04
386.5;1.08
386.75;1.08
387;1.12
387.25;1.04
387.5;1.08
387.75;1.12
388;1.12
388.25;1.04
388.5;1.08
388.75;1.08
389;1.12
389.25;1
389.5;1.04
389.75;1.04
390;1.08
390.25;1
390.5;1.08
390.75;1.08
391;1.08
391.25;1
391.5;1.04
391.75;1.04
392;1.08
392.25;1
392.5;1.04
392.75;1.04
393;1.08
393.25;1
393.5;1
393.75;1
394;1.08
394.25;1
394.5;1.04
394.75;1.04
395;1.08
395.25;0.96
395.5;1.04
395.75;1
396;1.04
396.25;0.96
396.5;1
396.75;1
397;1.04
397.25;0.96
397.5;1
397.75;1
398;1.04
398.25;0.96
398.5;1
398.75;1
399;1.04
399.25;0.96
399.5;1
399.75;1
400;1.04
400.25;0.96
400.5;1
400.75;0.96
401;1
401.25;0.92
401.5;0.96
401.75;0.96
402;1
402.25;0.92
402.5;0.96
402.75;0.96
403;1
403.25;0.92
403.5;0.96
403.75;0.96
404;1
404.25;0.92
404.5;0.96
404.75;0.96
405;1
405.25;0.92
405.5;0.96
405.75;0.96
406;1
406.25;0.88
406.5;0.92
406.75;0.92
407;0.96
407.25;0.88
407.5;0.92
407.75;0.92
408;0.96
408.25;0.88
408.5;0.92
408.75;0.92
409;0.96
409.25;0.88
409.5;0.88
409.75;0.92
410;0.96
410.25;0.88
410.5;0.92
410.75;0.92
411;0.96
411.25;0.84
411.5;0.92
411.75;0.92
412;0.92
412.25;0.84
412.5;0.88
412.75;0.88
413;0.92
413.25;0.84
413.5;0.88
413.75;0.88
414;0.92
414.25;0.84
414.5;0.88
414.75;0.88
415;0.92
415.25;0.84
415.5;0.88
415.75;0.88
416;0.92
416.25;0.84
416.5;0.88
416.75;0.84
417;0.92
417.25;0.8
417.5;0.84
417.75;0.88
418;0.88
418.25;0.8
418.5;0.84
418.75;0.84
419;0.88
419.25;0.8
419.5;0.84
419.75;0.84
420;0.88
420.25;0.8
420.5;0.84
420.75;0.84
421;0.88
421.25;0.8
421.5;0.84
421.75;0.84
422;0.88
422.25;0.8
422.5;0.8
422.75;0.8
423;0.84
423.25;0.76
423.5;0.8
423.75;0.8
424;0.84
424.25;0.76
424.5;0.8
424.75;0.8
425;0.84
425.25;0.76
425.5;0.8
425.75;0.8
426;0.84
426.25;0.76
426.5;0.8
426.75;0.8
427;0.84
427.25;0.72
427.5;0.8
427.75;0.8
428;0.84
428.25;0.72
428.5;0.76
428.75;0.76
429;0.8
429.25;0.72
429.5;0.76
429.75;0.76
430;0.8
430.25;0.72
430.5;0.76
430.75;0.76
431;0.8
431.25;0.72
431.5;0.72
431.75;0.76
432;0.8
432.25;0.72
432.5;0.76
432.75;0.72
433;0.8
433.25;0.68
433.5;0.72
433.75;0.72
434;0.76
434.25;0.68
434.5;0.72
434.75;0.72
435;0.76
435.25;0.68
435.5;0.72
435.75;0.72
436;0.76
436.25;0.68
436.5;0.72
436.75;0.68
437;0.76
437.25;0.68
437.5;0.72
437.75;0.72
438;0.76
438.25;0.68
438.5;0.72
438.75;0.72
439;0.76
439.25;0.64
439.5;0.68
439.75;0.72
440;0.76
440.25;0.64
440.5;0.72
440.75;0.68
441;0.72
441.25;0.64
441.5;0.68
441.75;0.72
442;0.72
442.25;0.64
442.5;0.68
442.75;0.68
443;0.72
443.25;0.64
443.5;0.68
443.75;0.68
444;0.72
444.25;0.64
444.5;0.64
444.75;0.64
445;0.72
445.25;0.6
445.5;0.68
445.75;0.64
446;0.68
446.25;0.6
446.5;0.64
446.75;0.64
447;0.68
447.25;0.6
447.5;0.64
447.75;0.64
448;0.68
448.25;0.6
448.5;0.64
448.75;0.64
449;0.68
449.25;0.6
449.5;0.64
449.75;0.64
450;0.68
450.25;0.56
450.5;0.64
450.75;0.64
451;0.68
451.25;0.56
451.5;0.6
451.75;0.6
452;0.64
452.25;0.56
452.5;0.6
452.75;0.6
453;0.64
453.25;0.56
453.5;0.6
453.75;0.6
454;0.64
454.25;0.56
454.5;0.6
454.75;0.6
455;0.64
455.25;0.56
455.5;0.6
455.75;0.56
456;0.64
456.25;0.52
456.5;0.6
456.75;0.56
457;0.6
457.25;0.52
457.5;0.56
457.75;0.56
458;0.6
458.25;0.52
458.5;0.56
458.75;0.56
459;0.6
459.25;0.52
459.5;0.56
459.75;0.56
460;0.6
460.25;0.52
460.5;0.56
460.75;0.56
461;0.6
461.25;0.48
461.5;0.56
461.75;0.56
462;0.56
462.25;0.48
462.5;0.56
462.75;0.52
463;0.56
463.25;0.48
463.5;0.52
463.75;0.52
464;0.56
464.25;0.48
464.5;0.52
464.75;0.52
465;0.56
465.25;0.48
465.5;0.48
465.75;0.52
466;0.56
466.25;0.48
466.5;0.52
466.75;0.48
467;0.56
467.25;0.48
467.5;0.48
467.75;0.48
468;0.52
468.25;0.44
468.5;0.48
468.75;0.48
469;0.52
469.25;0.44
469.5;0.48
469.75;0.48
470;0.52
470.25;0.44
470.5;0.48
470.75;0.48
471;0.52
471.25;0.44
471.5;0.48
471.75;0.48
472;0.52
472.25;0.4
472.5;0.48
472.75;0.48
473;0.52
473.25;0.44
473.5;0.44
473.75;0.44
474;0.48
474.25;0.4
474.5;0.44
474.75;0.44
475;0.48
475.25;0.4
475.5;0.44
475.75;0.44
476;0.48
476.25;0.4
476.5;0.44
476.75;0.44
477;0.48
477.25;0.4
477.5;0.44
477.75;0.4
478;0.48
478.25;0.4
478.5;0.4
478.75;0.4
479;0.48
479.25;0.36
479.5;0.4
479.75;0.4
480;0.44
480.25;0.36
480.5;0.4
480.75;0.4
481;0.44
481.25;0.36
481.5;0.4
481.75;0.36
482;0.44
482.25;0.36
482.5;0.4
482.75;0.4
483;0.44
483.25;0.36
483.5;0.4
483.75;0.4
484;0.44
484.25;0.32
484.5;0.36
484.75;0.36
485;0.4
485.25;0.32
485.5;0.4
485.75;0.36
486;0.4
486.25;0.32
486.5;0.36
486.75;0.36
487;0.4
487.25;0.32
487.5;0.36
487.75;0.36
488;0.4
488.25;0.32
488.5;0.36
488.75;0.32
489;0.4
489.25;0.32
489.5;0.32
489.75;0.32
490;0.4
490.25;0.28
490.5;0.36
490.75;0.36
491;0.36
491.25;0.28
491.5;0.32
491.75;0.32
492;0.36
492.25;0.28
492.5;0.32
492.75;0.32
493;0.36
493.25;0.28
493.5;0.32
493.75;0.32
494;0.36
494.25;0.28
494.5;0.32
494.75;0.28
495;0.36
495.25;0.24
495.5;0.32
495.75;0.32
496;0.32
496.25;0.24
496.5;0.28
496.75;0.28
497;0.32
497.25;0.24
497.5;0.24
497.75;0.28
498;0.32
498.25;0.24
498.5;0.28
498.75;0.28
499;0.32
499.25;0.24
499.5;0.28
499.75;0.28
500;0.32
500.25;0.24
500.5;0.24
500.75;0.24
501;0.32
501.25;0.2
501.5;0.24
501.75;0.28
502;0.28
502.25;0.2
502.5;0.24
502.75;0.28
503;0.28
503.25;0.2
503.5;0.24
503.75;0.24
504;0.28
504.25;0.2
504.5;0.2
504.75;0.24
505;0.28
505.25;0.2
505.5;0.24
505.75;0.2
506;0.28
506.25;0.2
506.5;0.2
506.75;0.24
507;0.24
507.25;0.16
507.5;0.24
507.75;0.2
508;0.24
508.25;0.16
508.5;0.2
508.75;0.2
509;0.24
509.25;0.16
509.5;0.2
509.75;0.2
510;0.24
510.25;0.16
510.5;0.2
510.75;0.2
511;0.24
511.25;0.12
511.5;0.2
511.75;0.16
512;0.24
512.25;0.12
512.5;0.16
512.75;0.16
513;0.2
513.25;0.12
513.5;0.2
513.75;0.16
514;0.2
514.25;0.12
514.5;0.16
514.75;0.16
515;0.2
515.25;0.12
515.5;0.12
515.75;0.16
516;0.2
516.25;0.12
516.5;0.16
516.75;0.16
517;0.2
517.25;0.08
517.5;0.16
517.75;0.16
518;0.2
518.25;0.08
518.5;0.12
518.75;0.12
519;0.16
519.25;0.08
519.5;0.12
519.75;0.12
520;0.16
520.25;0.08
520.5;0.12
520.75;0.12
521;0.16
521.25;0.08
521.5;0.12
521.75;0.12
522;0.16
522.25;0.08
522.5;0.12
522.75;0.12
523;0.16
523.25;0.04
523.5;0.12
523.75;0.08
524;0.12
524.25;0.04
524.5;0.08
524.75;0.08
525;0.12
525.25;0.04
525.5;0.08
525.75;0.08
526;0.12
526.25;0.04
526.5;0.08
526.75;0.08
527;0.12
527.25;0.04
527.5;0.08
527.75;0.04
528;0.12
528.25;0.04
528.5;0.08
528.75;0.04
529;0.12
529.25;0
529.5;0.04
529.75;0.08
530;0.08
530.25;0
530.5;0.08
530.75;0.04
531;0.08
531.25;0
531.5;0.04
531.75;0
532;0.08
532.25;0
532.5;0.04
532.75;0.04
533;0.08
533.25;0
533.5;0.04
533.75;0.04
534;0.08
534.25;0
534.5;0.04
534.75;0.04
535;0.08
535.25;0
535.5;0.04
535.75;0.04
536;0.08
536.25;0
536.5;0.04
536.75;0.04
537;0.08
537.25;0
537.5;0.04
537.75;0.04
538;0.08
538.25;0
538.5;0
538.75;0
539;0.08
539.25;0
539.5;0.04
539.75;0.04
540;0.08
540.25;0
540.5;0.04
540.75;0.04
541;0.08
541.25;0
541.5;0.04
541.75;0.04
542;0.08
542.25;0
542.5;0.04
542.75;0
543;0.08
543.25;0
543.5;0.04
543.75;0
544;0.08
544.25;0
544.5;0.04
544.75;0.04
545;0.08
545.25;0
545.5;0.04
545.75;0.04
546;0.08
546.25;0
546.5;0.04
546.75;0.04
547;0.08
547.25;0
547.5;0.04
547.75;0.04
548;0.08
548.25;0
548.5;0.04
548.75;0.04
549;0.08
549.25;0
549.5;0.04
549.75;0.04
550;0.08
550.25;0
550.5;0.04
550.75;0.04
551;0.08
551.25;0
551.5;0
551.75;0.04
552;0.08
552.25;0
552.5;0.04
552.75;0.04
553;0.08
553.25;0
553.5;0.04
553.75;0.04
554;0.08
554.25;0
554.5;0.04
554.75;0.04
555;0.08
555.25;0
555.5;0.04
555.75;0.04
556;0.08
556.25;0
556.5;0.04
556.75;0.04
557;0.08
557.25;0
557.5;0
557.75;0.04
558;0.08
558.25;0
558.5;0.04
558.75;0
559;0.08
559.25;-0.04
559.5;0.04
559.75;0.04
560;0.08
560.25;0
560.5;0.04
560.75;0.04
561;0.08
561.25;0
561.5;0.04
561.75;0.04
562;0.08
562.25;0
562.5;0
562.75;0.04
563;0.08
563.25;0
563.5;0.04
563.75;0.04
564;0.08
564.25;0
564.5;0.04
564.75;0.04
565;0.08
565.25;0
565.5;0.04
565.75;0.04
566;0.08
566.25;0
566.5;0.04
566.75;0.04
567;0.08
567.25;0
567.5;0.04
567.75;0.04
568;0.08
568.25;0
568.5;0.04
568.75;0.04
569;0.08
569.25;0
569.5;0
569.75;0.04
570;0.08
570.25;0
570.5;0.04
570.75;0.04
571;0.08
571.25;0
571.5;0.04
571.75;0.04
572;0.08
572.25;0
572.5;0.04
572.75;0.04
573;0.08
573.25;0
573.5;0.04
573.75;0.04
574;0.08
574.25;0
574.5;0.04
574.75;0.04
575;0.08
575.25;0
575.5;0.04
575.75;0.04
576;0.08
576.25;0
576.5;0
576.75;0
577;0.08
577.25;0
577.5;0.04
577.75;0.04
578;0.08
578.25;0
578.5;0.04
578.75;0.04
579;0.08
579.25;0
579.5;0.04
579.75;0.04
580;0.08
580.25;0
580.5;0.04
580.75;0.04
581;0.08
581.25;0
581.5;0.04
581.75;0.04
582;0.08
582.25;0
582.5;0
582.75;0
583;0.08
583.25;0
583.5;0.04
583.75;0.04
584;0.08
584.25;0
584.5;0.04
584.75;0
585;0.08
585.25;-0.04
585.5;0.04
585.75;0.04
586;0.08
586.25;0
586.5;0.04
586.75;0.04
587;0.08
587.25;0
587.5;0
587.75;0.04
588;0.08
588.25;0
588.5;0
588.75;0.04
589;0.08
589.25;0
589.5;0.04
589.75;0.04
590;0.08
590.25;0
590.5;0.04
590.75;0.04
591;0.08
591.25;0
591.5;0.04
591.75;0.04
592;0.08
592.25;0
592.5;0.04
592.75;0.04
593;0.08
593.25;0
593.5;0.04
593.75;0.04
594;0.08
594.25;0
594.5;0.04
594.75;0.04
595;0.08
595.25;0
595.5;0.04
595.75;0.04
596;0.08
596.25;0
596.5;0.04
596.75;0
597;0.08
597.25;0
597.5;0
597.75;0
598;0.08
598.25;0
598.5;0.04
598.75;0.04
599;0.08
599.25;0
599.5;0.04
599.75;0.04
600;0.08
600.25;0
600.5;0.04
600.75;0
601;0.08
601.25;0
601.5;0.04
601.75;0.04
602;0.08
602.25;0
602.5;0.04
602.75;0.04
603;0.08
603.25;0
603.5;0.04
603.75;0.04
604;0.08
604.25;0
604.5;0.04
604.75;0.04
605;0.08
605.25;0
605.5;0
605.75;0.04
606;0.08
606.25;0
606.5;0
606.75;0.04
607;0.08
607.25;0
607.5;0.04
607.75;0.04
608;0.08
608.25;0
608.5;0.04
608.75;0.04
609;0.08
609.25;0
609.5;0
609.75;0.04
610;0.08
610.25;0
610.5;0.04
610.75;0.04
611;0.08
611.25;0
611.5;0.04
611.75;0.04
612;0.08
612.25;0
612.5;0.04
612.75;0.04
613;5.24
613.25;0
613.5;5.2
613.75;5.2
614;5.24
614.25;5.16
614.5;5.2
614.75;5.24
615;5.24
615.25;5.16
615.5;5.2
615.75;5.24
616;5.24
616.25;5.16
616.5;5.2
616.75;5.2
617;5.24
617.25;5.16
617.5;5.2
617.75;5.2
618;5.24
618.25;5.16
618.5;5.2
618.75;5.2
619;5.24
619.25;5.16
619.5;5.2
619.75;5.2
620;5.24
620.25;5.16
620.5;5.2
620.75;5.2
621;5.24
621.25;5.16
621.5;5.2
621.75;5.2
622;5.24
622.25;5.16
622.5;5.2
622.75;5.24
623;5.24
623.25;5.16
623.5;5.24
623.75;5.2
624;5.24
624.25;5.16
624.5;5.2
624.75;5.2
625;5.24
625.25;5.16
625.5;5.24
625.75;5.2
626;5.24
626.25;5.16
626.5;5.2
626.75;5.2
627;5.24
627.25;5.16
627.5;5.16
627.75;5.2
628;5.24
628.25;5.16
628.5;5.2
628.75;5.2
629;5.24
629.25;5.16
629.5;5.2
629.75;5.2
630;5.24
630.25;5.16
630.5;5.2
630.75;5.2
631;5.24
631.25;5.16
631.5;5.2
631.75;5.2
632;5.24
632.25;5.16
632.5;5.2
632.75;5.2
633;5.24
633.25;5.16
633.5;5.2
633.75;5.2
634;5.24
634.25;5.16
634.5;5.2
634.75;5.2
635;5.24
635.25;5.16
635.5;5.2
635.75;5.2
636;5.24
636.25;5.16
636.5;5.24
636.75;5.2
637;5.24
637.25;5.16
637.5;5.2
637.75;5.2
638;5.24
638.25;5.16
638.5;5.2
638.75;5.2
639;5.24
639.25;5.16
639.5;5.2
639.75;5.24
640;5.24
640.25;5.16
640.5;5.2
640.75;5.2
641;5.24
641.25;5.16
641.5;5.2
641.75;5.2
642;5.24
642.25;5.16
642.5;5.2
642.75;5.2
643;5.28
643.25;5.16
643.5;5.2
643.75;5.24
644;5.24
644.25;5.16
644.5;5.2
644.75;5.2
645;5.24
645.25;5.16
645.5;5.2
645.75;5.2
646;5.24
646.25;5.16
646.5;5.2
646.75;5.24
647;5.24
647.25;5.16
647.5;5.2
647.75;5.2
648;5.24
648.25;5.16
648.5;5.2
648.75;5.2
649;5.24
649.25;5.16
649.5;5.2
649.75;5.2
650;5.24
650.25;5.16
650.5;5.2
650.75;5.24
651;5.24
651.25;5.16
651.5;5.24
651.75;5.2
652;5.24
652.25;5.16
652.5;5.2
652.75;5.2
653;5.24
653.25;5.16
653.5;5.2
653.75;5.2
654;5.24
654.25;5.16
654.5;5.2
654.75;5.2
655;5.24
655.25;5.16
655.5;5.24
655.75;5.24
656;5.24
656.25;5.16
656.5;5.2
656.75;5.24
657;5.24
657.25;5.16
657.5;5.2
657.75;5.2
658;5.24
658.25;5.16
658.5;5.2
658.75;5.2
659;5.24
659.25;5.16
659.5;5.2
659.75;5.2
660;5.24
660.25;5.16
660.5;5.2
660.75;5.2
661;5.24
661.25;5.16
661.5;5.2
661.75;5.2
662;5.24
662.25;5.16
662.5;5.2
662.75;5.2
663;5.24
663.25;5.16
663.5;5.2
663.75;5.2
664;5.24
664.25;5.16
664.5;5.2
664.75;5.2
665;5.24
665.25;5.16
665.5;5.2
665.75;5.2
666;5.24
666.25;5.16
666.5;5.24
666.75;5.2
667;5.24
667.25;5.16
667.5;5.2
667.75;5.2
668;5.24
668.25;5.16
668.5;5.2
668.75;5.2
669;5.24
669.25;5.16
669.5;5.24
669.75;5.24
670;5.24
670.25;5.16
670.5;5.2
670.75;5.2
671;5.24
671.25;5.16
671.5;5.2
671.75;5.2
672;5.24
672.25;5.16
672.5;5.2
672.75;5.2
673;5.24
673.25;0
673.5;0.04
673.75;0.04
674;0.08
674.25;0
674.5;0.04
674.75;0.04
675;0.08
675.25;0
675.5;0.04
675.75;0.04
676;0.08
676.25;0
676.5;0.04
676.75;0.04
677;0.08
677.25;0
677.5;0.04
677.75;0
678;0.08
678.25;0
678.5;0.04
678.75;0.04
679;0.08
679.25;0
679.5;0.04
679.75;0.04
680;0.08
680.25;0
680.5;0.04
680.75;0.04
681;0.08
681.25;0
681.5;0.04
681.75;0
682;0.08
682.25;-0.04
682.5;0.04
682.75;0.04
683;0.08
683.25;0
683.5;0.04
683.75;0.04
684;0.08
684.25;0
684.5;0
684.75;0.04
685;0.08
685.25;0
685.5;0
685.75;0
686;0.08
686.25;0
686.5;0
686.75;0.04
687;0.08
687.25;0
687.5;0.04
687.75;0.04
688;0.08
688.25;0
688.5;0.04
688.75;0.04
689;0.08
689.25;-0.04
689.5;0.04
689.75;0.04
690;0.08
690.25;0
690.5;0.04
690.75;0.04
691;0.08
691.25;0
691.5;0
691.75;0.04
692;0.08
692.25;0
692.5;0.04
692.75;0.04
693;0.08
693.25;0
693.5;0.04
693.75;0.04
694;0.08
694.25;0
694.5;0.04
694.75;0
695;0.08
695.25;0
695.5;0.04
695.75;0
696;0.08
696.25;-0.04
696.5;0.04
696.75;0.04
697;0.08
697.25;0
697.5;0.04
697.75;0.04
698;0.08
698.25;0
698.5;0.04
698.75;0.04
699;0.08
699.25;0
699.5;0.04
699.75;0.04
700;0.08
700.25;0
700.5;0.04
700.75;0.04
701;0.08
701.25;0
701.5;0.04
701.75;0.04
702;0.08
702.25;0
702.5;0.04
702.75;0.04
703;0.08
703.25;0
703.5;0
703.75;0.04
704;0.08
704.25;-0.04
704.5;0
704.75;0.04
705;0.08
705.25;0
705.5;0.04
705.75;0
706;0.08
706.25;0
706.5;0
706.75;0.04
707;0.08
707.25;0
707.5;0.04
707.75;0
708;0.08
708.25;0
708.5;0.04
708.75;0.04
709;0.08
709.25;0
709.5;0.04
709.75;0.04
710;0.08
710.25;0
710.5;0
710.75;0.04
711;0.08
711.25;0
711.5;0
711.75;0.04
712;0.08
712.25;0
712.5;0.04
712.75;0.04
713;0.08
713.25;0
713.5;0.04
713.75;0.04
714;0.08
714.25;0
714.5;0
714.75;0
715;0.08
715.25;0
715.5;0.04
715.75;0.04
716;0.08
716.25;0
716.5;0
716.75;0.04
717;0.08
717.25;0
717.5;0.04
717.75;0.04
718;0.08
718.25;0
718.5;0.04
718.75;0.04
719;0.08
719.25;0
719.5;0.04
719.75;0.04
720;0.08
720.25;0
720.5;0
720.75;0.04
721;0.08
721.25;-0.04
721.5;0.04
721.75;0.04
722;0.08
722.25;0
722.5;0.04
722.75;0
723;0.08
723.25;0
723.5;0
723.75;0.04
724;0.08
724.25;0
724.5;0
724.75;0.04
725;0.08
725.25;0
725.5;0.04
725.75;0.04
726;0.08
726.25;0
726.5;0.04
726.75;0.04
727;0.08
727.25;0
727.5;0.04
727.75;0
728;0.08
728.25;0
728.5;0.04
728.75;0.04
729;0.08
729.25;0
729.5;0.04
729.75;0
730;0.08
730.25;0
730.5;0.04
730.75;0.04
731;0.08
731.25;0
731.5;0.04
731.75;0.04
732;0.08
732.25;0
732.5;0.04
732.75;0.04
733;0.08
733.25;0
733.5;0.04
733.75;0
734;0.08
734.25;0
734.5;0
734.75;0.04
735;0.08
735.25;0
735.5;0
735.75;0.04
736;0.08
736.25;0
736.5;0
736.75;0.04
737;0.08
737.25;0
737.5;0.04
737.75;0
738;0.08
738.25;0
738.5;0.04
738.75;0
739;0.08
739.25;0
739.5;0.04
739.75;0.04
740;0.08
740.25;0
740.5;0.04
740.75;0.04
741;0.08
741.25;0
741.5;0.04
741.75;0.04
742;0.08
742.25;0
742.5;0.04
742.75;0
743;0.08
743.25;0
743.5;0.04
743.75;0.04
744;0.08
744.25;0
744.5;0.04
744.75;0
745;0.08
745.25;0
745.5;0.04
745.75;0.04
746;0.08
746.25;0
746.5;0.04
746.75;0.04
747;0.08
747.25;0
747.5;0
747.75;0.04
748;0.08
748.25;0
748.5;0.04
748.75;0.04
749;0.08
749.25;-0.04
749.5;0.04
749.75;0
750;0.08
750.25;0
750.5;0.04
750.75;0.04
751;0.08
751.25;0
751.5;0.04
751.75;0.04
752;0.08
752.25;0
752.5;0.04
752.75;0.04
753;0.08
753.25;0
753.5;0.04
753.75;0.04
754;0.08
754.25;0
754.5;0.04
754.75;0.04
755;0.08
755.25;0
755.5;0.04
755.75;0.04
756;0.08
756.25;0
756.5;0.04
756.75;0
757;0.08
757.25;0
757.5;0.04
757.75;0.04
758;0.08
758.25;0
758.5;0.04
758.75;0.04
759;0.08
759.25;0
759.5;0.04
759.75;0.04
