# Oscilloscope file ./20201025_015212.bin
# Channel 1
Time / s;Voltage / V
0;4.32
0.25;4.2
0.5;4.24
0.75;4.24
1;4.28
1.25;4.2
1.5;4.24
1.75;4.24
2;4.28
2.25;4.2
2.5;4.28
2.75;4.24
3;4.28
3.25;4.2
3.5;4.24
3.75;4.24
4;4.28
4.25;4.2
4.5;4.2
4.75;4.2
5;4.28
5.25;4.2
5.5;4.24
5.75;4.2
6;4.28
6.25;4.16
6.5;4.24
6.75;4.2
7;4.24
7.25;4.16
7.5;4.2
7.75;4.2
8;4.24
8.25;4.16
8.5;4.2
8.75;4.2
9;4.24
9.25;4.16
9.5;4.2
9.75;4.2
10;4.24
10.25;4.16
10.5;4.16
10.75;4.16
11;4.24
11.25;4.12
11.5;4.2
11.75;4.16
12;4.2
12.25;4.12
12.5;4.16
12.75;4.16
13;4.2
13.25;4.12
13.5;4.16
13.75;4.16
14;4.2
14.25;4.12
14.5;4.16
14.75;4.16
15;4.2
15.25;4.12
15.5;4.12
15.75;4.16
16;4.2
16.25;4.12
16.5;4.12
16.75;4.16
17;4.2
17.25;4.08
17.5;4.16
17.75;4.16
18;4.16
18.25;4.08
18.5;4.12
18.75;4.12
19;4.16
19.25;4.08
19.5;4.12
19.75;4.12
20;4.16
20.25;4.08
20.5;4.12
20.75;4.12
21;4.16
21.25;4.08
21.5;4.08
21.75;4.12
22;4.16
22.25;4.04
22.5;4.08
22.75;4.12
23;4.16
23.25;4.04
23.5;4.12
23.75;4.08
24;4.12
24.25;4.04
24.5;4.08
24.75;4.08
25;4.12
25.25;4.04
25.5;4.08
25.75;4.08
26;4.12
26.25;4
26.5;4.08
26.75;4.04
27;4.12
27.25;4.04
27.5;4.08
27.75;4.08
28;4.12
28.25;4
28.5;4.04
28.75;4.08
29;4.08
29.25;4
29.5;4.04
29.75;4.04
30;4.08
30.25;4
30.5;4.04
30.75;4.04
31;4.08
31.25;4
31.5;4
31.75;4.04
32;4.08
32.25;4
32.5;4.04
32.75;4.04
33;4.08
33.25;3.96
33.5;4.04
33.75;4
34;4.04
34.25;3.96
34.5;4
34.75;4
35;4.04
35.25;3.96
35.5;4
35.75;4
36;4.04
36.25;3.96
36.5;4
36.75;4
37;4.04
37.25;3.96
37.5;4
37.75;4
38;4.04
38.25;3.92
38.5;3.96
38.75;4
39;4.04
39.25;3.92
39.5;3.96
39.75;3.96
40;4.04
40.25;3.92
40.5;3.96
40.75;3.96
41;4
41.25;3.92
41.5;3.96
41.75;3.96
42;4
42.25;3.92
42.5;3.92
42.75;3.96
43;4
43.25;3.88
43.5;3.96
43.75;3.96
44;4
44.25;3.88
44.5;3.96
44.75;3.92
45;4
45.25;3.88
45.5;3.96
45.75;3.92
46;3.96
46.25;3.88
46.5;3.92
46.75;3.92
47;3.96
47.25;3.88
47.5;3.92
47.75;3.88
48;3.96
48.25;3.88
48.5;3.88
48.75;3.92
49;3.96
49.25;3.88
49.5;3.92
49.75;3.88
50;3.96
50.25;3.84
50.5;3.88
50.75;3.88
51;3.96
51.25;3.84
51.5;3.92
51.75;3.88
52;3.92
52.25;3.84
52.5;3.88
52.75;3.88
53;3.92
53.25;3.84
53.5;3.88
53.75;3.88
54;3.92
54.25;3.84
54.5;3.84
54.75;3.88
55;3.92
55.25;3.8
55.5;3.84
55.75;3.88
56;3.92
56.25;3.8
56.5;3.88
56.75;3.88
57;3.88
57.25;3.8
57.5;3.84
57.75;3.84
58;3.88
58.25;3.8
58.5;3.84
58.75;3.84
59;3.88
59.25;3.8
59.5;3.84
59.75;3.84
60;3.88
60.25;3.8
60.5;3.84
60.75;3.8
61;3.88
61.25;3.76
61.5;3.84
61.75;3.8
62;3.84
62.25;3.76
62.5;3.8
62.75;3.8
63;3.84
63.25;3.76
63.5;3.8
63.75;3.84
64;3.84
64.25;3.76
64.5;3.8
64.75;3.8
65;3.84
65.25;3.76
65.5;3.8
65.75;3.8
66;3.84
66.25;3.76
66.5;3.76
66.75;3.8
67;3.84
67.25;3.72
67.5;3.8
67.75;3.76
68;3.8
68.25;3.72
68.5;3.76
68.75;3.76
69;3.8
69.25;3.72
69.5;3.76
69.75;3.76
70;3.8
70.25;3.72
70.5;3.76
70.75;3.72
71;3.8
71.25;3.72
71.5;3.72
71.75;3.76
72;3.8
72.25;3.68
72.5;3.76
72.75;3.76
73;3.76
73.25;3.68
73.5;3.76
73.75;3.72
74;3.76
74.25;3.68
74.5;3.72
74.75;3.72
75;3.76
75.25;3.68
75.5;3.72
75.75;3.72
76;3.76
76.25;3.68
76.5;3.72
76.75;3.72
77;3.76
77.25;3.68
77.5;3.68
77.75;3.72
78;3.76
78.25;3.64
78.5;3.68
78.75;3.68
79;3.72
79.25;3.64
79.5;3.68
79.75;3.68
80;3.72
80.25;3.64
80.5;3.68
80.75;3.68
81;3.72
81.25;3.64
81.5;3.68
81.75;3.68
82;3.72
82.25;3.64
82.5;3.68
82.75;3.68
83;3.72
83.25;3.6
83.5;3.68
83.75;3.68
84;3.68
84.25;3.6
84.5;3.68
84.75;3.68
85;3.68
85.25;3.6
85.5;3.64
85.75;3.64
86;3.68
86.25;3.6
86.5;3.64
86.75;3.64
87;3.68
87.25;3.6
87.5;3.64
87.75;3.64
88;3.68
88.25;3.56
88.5;3.64
88.75;3.64
89;3.68
89.25;3.56
89.5;3.6
89.75;3.6
90;3.64
90.25;3.56
90.5;3.6
90.75;3.6
91;3.64
91.25;3.56
91.5;3.6
91.75;3.6
92;3.64
92.25;3.56
92.5;3.56
92.75;3.6
93;3.64
93.25;3.56
93.5;3.6
93.75;3.56
94;3.64
94.25;3.52
94.5;3.56
94.75;3.56
95;3.6
95.25;3.52
95.5;3.56
95.75;3.6
96;3.6
96.25;3.52
96.5;3.56
96.75;3.56
97;3.6
97.25;3.52
97.5;3.56
97.75;3.6
98;3.6
98.25;3.52
98.5;3.56
98.75;3.56
99;3.6
99.25;3.48
99.5;3.56
99.75;3.52
100;3.6
100.25;3.48
100.5;3.52
100.75;3.52
101;3.6
101.25;3.48
101.5;3.52
101.75;3.56
102;3.56
102.25;3.48
102.5;3.52
102.75;3.52
103;3.56
103.25;3.48
103.5;3.52
103.75;3.52
104;3.56
104.25;3.48
104.5;3.52
104.75;3.48
105;3.56
105.25;3.44
105.5;3.52
105.75;3.48
106;3.56
106.25;3.44
106.5;3.48
106.75;3.52
107;3.52
107.25;3.44
107.5;3.48
107.75;3.48
108;3.52
108.25;3.44
108.5;3.48
108.75;3.48
109;3.52
109.25;3.44
109.5;3.44
109.75;3.44
110;3.52
110.25;3.44
110.5;3.44
110.75;3.48
111;3.52
111.25;3.4
111.5;3.48
111.75;3.44
112;3.48
112.25;3.4
112.5;3.44
112.75;3.44
113;3.48
113.25;3.4
113.5;3.44
113.75;3.44
114;3.48
114.25;3.4
114.5;3.44
114.75;3.44
115;3.48
115.25;3.4
115.5;3.44
115.75;3.44
116;3.48
116.25;3.4
116.5;3.4
116.75;3.44
117;3.48
117.25;3.36
117.5;3.4
117.75;3.44
118;3.44
118.25;3.36
118.5;3.4
118.75;3.4
119;3.44
119.25;3.36
119.5;3.4
119.75;3.4
120;3.44
120.25;3.36
120.5;3.4
120.75;3.4
121;3.44
121.25;3.36
121.5;3.4
121.75;3.36
122;3.44
122.25;3.36
122.5;3.36
122.75;3.4
123;3.44
123.25;3.32
123.5;3.36
123.75;3.36
124;3.4
124.25;3.32
124.5;3.36
124.75;3.36
125;3.4
125.25;3.32
125.5;3.36
125.75;3.36
126;3.4
126.25;3.32
126.5;3.36
126.75;3.36
127;3.4
127.25;3.28
127.5;3.36
127.75;3.32
128;3.4
128.25;3.28
128.5;3.32
128.75;3.32
129;3.4
129.25;3.28
129.5;3.32
129.75;3.32
130;3.36
130.25;3.28
130.5;3.32
130.75;3.32
131;3.36
131.25;3.28
131.5;3.32
131.75;3.32
132;3.36
132.25;3.28
132.5;3.28
132.75;3.32
133;3.36
133.25;3.24
133.5;3.28
133.75;3.32
134;3.36
134.25;3.24
134.5;3.28
134.75;3.28
135;3.32
135.25;3.24
135.5;3.32
135.75;3.28
136;3.32
136.25;3.24
136.5;3.28
136.75;3.28
137;3.32
137.25;3.24
137.5;3.28
137.75;3.28
138;3.32
138.25;3.2
138.5;3.28
138.75;3.24
139;3.28
139.25;3.2
139.5;3.24
139.75;3.28
140;3.28
140.25;3.2
140.5;3.24
140.75;3.24
141;3.28
141.25;3.2
141.5;3.24
141.75;3.24
142;3.28
142.25;3.2
142.5;3.2
142.75;3.24
143;3.28
143.25;3.2
143.5;3.2
143.75;3.24
144;3.28
144.25;3.16
144.5;3.24
144.75;3.2
145;3.24
145.25;3.16
145.5;3.24
145.75;3.24
146;3.24
146.25;3.16
146.5;3.2
146.75;3.2
147;3.24
147.25;3.16
147.5;3.16
147.75;3.2
148;3.24
148.25;3.16
148.5;3.2
148.75;3.2
149;3.24
149.25;3.16
149.5;3.2
149.75;3.2
150;3.24
150.25;3.12
150.5;3.2
150.75;3.2
151;3.24
151.25;3.12
151.5;3.16
151.75;3.16
152;3.2
152.25;3.12
152.5;3.16
152.75;3.16
153;3.2
153.25;3.12
153.5;3.16
153.75;3.16
154;3.2
154.25;3.08
154.5;3.16
154.75;3.12
155;3.2
155.25;3.08
155.5;3.16
155.75;3.12
156;3.16
156.25;3.08
156.5;3.16
156.75;3.16
157;3.16
157.25;3.08
157.5;3.12
157.75;3.12
158;3.16
158.25;3.08
158.5;3.08
158.75;3.12
159;3.16
159.25;3.08
159.5;3.08
159.75;3.12
160;3.16
160.25;3.08
160.5;3.12
160.75;3.12
161;3.16
161.25;3.04
161.5;3.12
161.75;3.12
162;3.12
162.25;3.04
162.5;3.08
162.75;3.08
163;3.12
163.25;3.04
163.5;3.08
163.75;3.08
164;3.12
164.25;3.04
164.5;3.08
164.75;3.08
165;3.12
165.25;3.04
165.5;3.08
165.75;3.08
166;3.12
166.25;3.04
166.5;3.08
166.75;3.08
167;3.12
167.25;3
167.5;3.08
167.75;3.08
168;3.12
168.25;3
168.5;3.04
168.75;3.04
169;3.08
169.25;3
169.5;3.04
169.75;3.04
170;3.08
170.25;3
170.5;3.04
170.75;3.04
171;3.08
171.25;3
171.5;3.04
171.75;3.04
172;3.08
172.25;2.96
172.5;3
172.75;3.04
173;3.04
173.25;2.96
173.5;3.04
173.75;3
174;3.04
174.25;2.96
174.5;3
174.75;3
175;3.04
175.25;2.96
175.5;3
175.75;3
176;3.04
176.25;2.96
176.5;3
176.75;3
177;3.04
177.25;2.92
177.5;3
177.75;3
178;3.04
178.25;2.92
178.5;3
178.75;2.96
179;3
179.25;2.92
179.5;2.96
179.75;2.96
180;3
180.25;2.92
180.5;2.96
180.75;2.96
181;3
181.25;2.92
181.5;2.96
181.75;2.96
182;3
182.25;2.92
182.5;2.96
182.75;2.96
183;3
183.25;2.92
183.5;2.92
183.75;2.92
184;2.96
184.25;2.88
184.5;2.96
184.75;2.92
185;2.96
185.25;2.88
185.5;2.96
185.75;2.92
186;2.96
186.25;2.88
186.5;2.92
186.75;2.92
187;2.96
187.25;2.88
187.5;2.92
187.75;2.92
188;2.96
188.25;2.88
188.5;2.92
188.75;2.88
189;2.96
189.25;2.84
189.5;2.88
189.75;2.88
190;2.92
190.25;2.84
190.5;2.88
190.75;2.88
191;2.92
191.25;2.84
191.5;2.88
191.75;2.88
192;2.92
192.25;2.84
192.5;2.88
192.75;2.88
193;2.92
193.25;2.84
193.5;2.88
193.75;2.88
194;2.92
194.25;2.8
194.5;2.84
194.75;2.84
195;2.92
195.25;2.8
195.5;2.84
195.75;2.88
196;2.88
196.25;2.8
196.5;2.84
196.75;2.84
197;2.88
197.25;2.8
197.5;2.84
197.75;2.84
198;2.88
198.25;2.8
198.5;2.84
198.75;2.84
199;2.88
199.25;2.76
199.5;2.84
199.75;2.84
200;2.88
200.25;2.8
200.5;2.8
200.75;2.8
201;2.84
201.25;2.76
201.5;2.8
201.75;2.8
202;2.84
202.25;2.76
202.5;2.84
202.75;2.8
203;2.84
203.25;2.76
203.5;2.8
203.75;2.8
204;2.84
204.25;2.76
204.5;2.84
204.75;2.8
205;2.84
205.25;2.76
205.5;2.8
205.75;2.76
206;2.8
206.25;2.72
206.5;2.76
206.75;2.8
207;2.8
207.25;2.72
207.5;2.76
207.75;2.76
208;2.8
208.25;2.72
208.5;2.76
208.75;2.76
209;2.8
209.25;2.72
209.5;2.76
209.75;2.76
210;2.8
210.25;2.72
210.5;2.76
210.75;2.76
211;2.8
211.25;2.68
211.5;2.72
211.75;2.72
212;2.8
212.25;2.68
212.5;2.72
212.75;2.72
213;2.76
213.25;2.68
213.5;2.72
213.75;2.76
214;2.76
214.25;2.68
214.5;2.72
214.75;2.68
215;2.76
215.25;2.68
215.5;2.72
215.75;2.72
216;2.76
216.25;2.64
216.5;2.68
216.75;2.68
217;2.76
217.25;2.64
217.5;2.68
217.75;2.68
218;2.72
218.25;2.64
218.5;2.68
218.75;2.72
219;2.72
219.25;2.64
219.5;2.68
219.75;2.68
220;2.72
220.25;2.64
220.5;2.68
220.75;2.68
221;2.72
221.25;2.64
221.5;2.64
221.75;2.64
222;2.72
222.25;2.6
222.5;2.68
222.75;2.68
223;2.72
223.25;2.6
223.5;2.64
223.75;2.64
224;2.68
224.25;2.6
224.5;2.64
224.75;2.64
225;2.68
225.25;2.6
225.5;2.64
225.75;2.64
226;2.68
226.25;2.6
226.5;2.64
226.75;2.64
227;2.68
227.25;2.6
227.5;2.64
227.75;2.64
228;2.68
228.25;2.56
228.5;2.6
228.75;2.64
229;2.68
229.25;2.56
229.5;2.6
229.75;2.6
230;2.64
230.25;2.56
230.5;2.6
230.75;2.6
231;2.64
231.25;2.56
231.5;2.6
231.75;2.6
232;2.64
232.25;2.56
232.5;2.6
232.75;2.6
233;2.64
233.25;2.52
233.5;2.6
233.75;2.6
234;2.64
234.25;2.52
234.5;2.56
234.75;2.6
235;2.6
235.25;2.52
235.5;2.56
235.75;2.56
236;2.6
236.25;2.52
236.5;2.6
236.75;2.6
237;2.6
237.25;2.52
237.5;2.56
237.75;2.56
238;2.6
238.25;2.52
238.5;2.56
238.75;2.56
239;2.6
239.25;2.48
239.5;2.52
239.75;2.56
240;2.56
240.25;2.48
240.5;2.56
240.75;2.56
241;2.56
241.25;2.48
241.5;2.56
241.75;2.52
242;2.56
242.25;2.48
242.5;2.52
242.75;2.56
243;2.56
243.25;2.48
243.5;2.52
243.75;2.52
244;2.56
244.25;2.48
244.5;2.48
244.75;2.48
245;2.56
245.25;2.44
245.5;2.48
245.75;2.48
246;2.52
246.25;2.44
246.5;2.48
246.75;2.48
247;2.52
247.25;2.44
247.5;2.48
247.75;2.52
248;2.52
248.25;2.44
248.5;2.48
248.75;2.48
249;2.52
249.25;2.44
249.5;2.48
249.75;2.48
250;2.52
250.25;2.4
250.5;2.48
250.75;2.48
251;2.52
251.25;2.4
251.5;2.48
251.75;2.44
252;2.48
252.25;2.4
252.5;2.44
252.75;2.44
253;2.48
253.25;2.4
253.5;2.48
253.75;2.44
254;2.48
254.25;2.4
254.5;2.4
254.75;2.44
255;2.48
255.25;2.4
255.5;2.4
255.75;2.4
256;2.48
256.25;2.36
256.5;2.4
256.75;2.4
257;2.44
257.25;2.36
257.5;2.4
257.75;2.4
258;2.44
258.25;2.36
258.5;2.4
258.75;2.4
259;2.44
259.25;2.36
259.5;2.4
259.75;2.4
260;2.44
260.25;2.36
260.5;2.4
260.75;2.4
261;2.44
261.25;2.32
261.5;2.4
261.75;2.36
262;2.4
262.25;2.32
262.5;2.36
262.75;2.4
263;2.4
263.25;2.32
263.5;2.36
263.75;2.36
264;2.4
264.25;2.32
264.5;2.36
264.75;2.36
265;2.4
265.25;2.32
265.5;2.36
265.75;2.36
266;2.4
266.25;2.28
266.5;2.32
266.75;2.32
267;2.36
267.25;2.28
267.5;2.32
267.75;2.32
268;2.36
268.25;2.28
268.5;2.32
268.75;2.32
269;2.36
269.25;2.28
269.5;2.32
269.75;2.32
270;2.36
270.25;2.28
270.5;2.32
270.75;2.32
271;2.36
271.25;2.28
271.5;2.28
271.75;2.28
272;2.36
272.25;2.28
272.5;2.28
272.75;2.32
273;2.32
273.25;2.24
273.5;2.28
273.75;2.28
274;2.32
274.25;2.24
274.5;2.28
274.75;2.28
275;2.32
275.25;2.24
275.5;2.28
275.75;2.28
276;2.32
276.25;2.24
276.5;2.28
276.75;2.28
277;2.32
277.25;2.2
277.5;2.24
277.75;2.28
278;2.32
278.25;2.2
278.5;2.28
278.75;2.24
279;2.28
279.25;2.2
279.5;2.24
279.75;2.24
280;2.28
280.25;2.2
280.5;2.24
280.75;2.24
281;2.28
281.25;2.2
281.5;2.24
281.75;2.24
282;2.28
282.25;2.2
282.5;2.24
282.75;2.24
283;2.28
283.25;2.2
283.5;2.2
283.75;2.2
284;2.28
284.25;2.16
284.5;2.2
284.75;2.24
285;2.24
285.25;2.16
285.5;2.2
285.75;2.2
286;2.24
286.25;2.16
286.5;2.2
286.75;2.2
287;2.24
287.25;2.16
287.5;2.2
287.75;2.16
288;2.24
288.25;2.12
288.5;2.16
288.75;2.2
289;2.24
289.25;2.16
289.5;2.2
289.75;2.2
290;2.24
290.25;2.12
290.5;2.16
290.75;2.16
291;2.2
291.25;2.12
291.5;2.16
291.75;2.16
292;2.2
292.25;2.12
292.5;2.16
292.75;2.16
293;2.2
293.25;2.12
293.5;2.16
293.75;2.16
294;2.2
294.25;2.12
294.5;2.16
294.75;2.16
295;2.2
295.25;2.08
295.5;2.16
295.75;2.12
296;2.16
296.25;2.08
296.5;2.12
296.75;2.12
297;2.16
297.25;2.08
297.5;2.12
297.75;2.16
298;2.16
298.25;2.08
298.5;2.12
298.75;2.12
299;2.16
299.25;2.08
299.5;2.12
299.75;2.12
300;2.16
300.25;2.08
300.5;2.08
300.75;2.08
301;2.12
301.25;2.04
301.5;2.08
301.75;2.08
302;2.16
302.25;2.04
302.5;2.08
302.75;2.08
303;2.12
303.25;2.04
303.5;2.08
303.75;2.12
304;2.12
304.25;2.04
304.5;2.08
304.75;2.08
305;2.12
305.25;2.04
305.5;2.08
305.75;2.04
306;2.12
306.25;2
306.5;2.04
306.75;2.04
307;2.08
307.25;2
307.5;2.04
307.75;2.08
308;2.08
308.25;2
308.5;2.04
308.75;2.04
309;2.08
309.25;2
309.5;2.04
309.75;2.04
310;2.08
310.25;2
310.5;2
310.75;2
311;2.08
311.25;1.96
311.5;2
311.75;2
312;2.04
312.25;1.96
312.5;2.04
312.75;2
313;2.04
313.25;1.96
313.5;2
313.75;2.04
314;2.04
314.25;1.96
314.5;2
314.75;2
315;2.04
315.25;1.96
315.5;2
315.75;2
316;2.04
316.25;1.96
316.5;2
316.75;2
317;2.04
317.25;1.92
317.5;1.96
317.75;2
318;2
318.25;1.92
318.5;1.96
318.75;1.96
319;2
319.25;1.92
319.5;1.96
319.75;1.96
320;2
320.25;1.92
320.5;1.96
320.75;1.96
321;2
321.25;1.92
321.5;1.96
321.75;1.96
322;2
322.25;1.88
322.5;1.92
322.75;1.96
323;1.96
323.25;1.88
323.5;1.92
323.75;1.92
324;2
324.25;1.88
324.5;1.92
324.75;1.92
325;1.96
325.25;1.88
325.5;1.92
325.75;1.92
326;1.96
326.25;1.88
326.5;1.92
326.75;1.92
327;1.96
327.25;1.88
327.5;1.88
327.75;1.92
328;1.96
328.25;1.84
328.5;1.88
328.75;1.88
329;1.92
329.25;1.84
329.5;1.88
329.75;1.88
330;1.92
330.25;1.84
330.5;1.88
330.75;1.88
331;1.92
331.25;1.84
331.5;1.88
331.75;1.88
332;1.92
332.25;1.84
332.5;1.88
332.75;1.88
333;1.92
333.25;1.8
333.5;1.84
333.75;1.84
334;1.92
334.25;1.8
334.5;1.88
334.75;1.84
335;1.88
335.25;1.8
335.5;1.84
335.75;1.84
336;1.88
336.25;1.8
336.5;1.84
336.75;1.84
337;1.88
337.25;1.8
337.5;1.84
337.75;1.84
338;1.88
338.25;1.8
338.5;1.84
338.75;1.84
339;1.88
339.25;1.76
339.5;1.84
339.75;1.8
340;1.84
340.25;1.76
340.5;1.8
340.75;1.8
341;1.84
341.25;1.76
341.5;1.8
341.75;1.8
342;1.84
342.25;1.76
342.5;1.8
342.75;1.8
343;1.84
343.25;1.76
343.5;1.8
343.75;1.8
344;1.84
344.25;1.76
344.5;1.8
344.75;1.8
345;1.84
345.25;1.72
345.5;1.76
345.75;1.76
346;1.84
346.25;1.72
346.5;1.8
346.75;1.76
347;1.8
347.25;1.72
347.5;1.76
347.75;1.76
348;1.8
348.25;1.72
348.5;1.76
348.75;1.76
349;1.8
349.25;1.72
349.5;1.76
349.75;1.76
350;1.8
350.25;1.68
350.5;1.76
350.75;1.76
351;1.76
351.25;1.68
351.5;1.72
351.75;1.72
352;1.76
352.25;1.68
352.5;1.72
352.75;1.72
353;1.76
353.25;1.68
353.5;1.72
353.75;1.72
354;1.76
354.25;1.68
354.5;1.72
354.75;1.72
355;1.76
355.25;1.64
355.5;1.68
355.75;1.72
356;1.76
356.25;1.64
356.5;1.68
356.75;1.68
357;1.72
357.25;1.64
357.5;1.68
357.75;1.68
358;1.72
358.25;1.64
358.5;1.68
358.75;1.68
359;1.72
359.25;1.64
359.5;1.68
359.75;1.68
360;1.72
360.25;1.64
360.5;1.64
360.75;1.68
361;1.72
361.25;1.6
361.5;1.64
361.75;1.64
362;1.68
362.25;1.6
362.5;1.64
362.75;1.64
363;1.68
363.25;1.6
363.5;1.68
363.75;1.64
364;1.68
364.25;1.6
364.5;1.64
364.75;1.64
365;1.68
365.25;1.6
365.5;1.64
365.75;1.64
366;1.68
366.25;1.6
366.5;1.64
366.75;1.64
367;1.68
367.25;1.6
367.5;1.6
367.75;1.6
368;1.68
368.25;1.56
368.5;1.6
368.75;1.6
369;1.64
369.25;1.56
369.5;1.6
369.75;1.6
370;1.64
370.25;1.56
370.5;1.56
370.75;1.6
371;1.64
371.25;1.56
371.5;1.6
371.75;1.56
372;1.64
372.25;1.52
372.5;1.6
372.75;1.56
373;1.6
373.25;1.52
373.5;1.6
373.75;1.56
374;1.6
374.25;1.52
374.5;1.56
374.75;1.56
375;1.6
375.25;1.52
375.5;1.56
375.75;1.56
376;1.6
376.25;1.52
376.5;1.52
376.75;1.52
377;1.6
377.25;1.52
377.5;1.56
377.75;1.56
378;1.56
378.25;1.48
378.5;1.52
378.75;1.56
379;1.56
379.25;1.48
379.5;1.56
379.75;1.52
380;1.56
380.25;1.48
380.5;1.52
380.75;1.52
381;1.56
381.25;1.48
381.5;1.52
381.75;1.52
382;1.56
382.25;1.44
382.5;1.52
382.75;1.52
383;1.56
383.25;1.48
383.5;1.52
383.75;1.52
384;1.56
384.25;1.44
384.5;1.52
384.75;1.48
385;1.52
385.25;1.44
385.5;1.48
385.75;1.48
386;1.52
386.25;1.44
386.5;1.44
386.75;1.48
387;1.52
387.25;1.44
387.5;1.48
387.75;1.48
388;1.52
388.25;1.4
388.5;1.48
388.75;1.48
389;1.52
389.25;1.4
389.5;1.48
389.75;1.48
390;1.48
390.25;1.4
390.5;1.48
390.75;1.44
391;1.48
391.25;1.4
391.5;1.44
391.75;1.44
392;1.48
392.25;1.4
392.5;1.44
392.75;1.44
393;1.48
393.25;1.4
393.5;1.44
393.75;1.44
394;1.48
394.25;1.4
394.5;1.44
394.75;1.44
395;1.48
395.25;1.36
395.5;1.4
395.75;1.4
396;1.44
396.25;1.36
396.5;1.4
396.75;1.4
397;1.44
397.25;1.36
397.5;1.36
397.75;1.44
398;1.44
398.25;1.36
398.5;1.4
398.75;1.36
399;1.44
399.25;1.36
399.5;1.36
399.75;1.36
400;1.44
400.25;1.32
400.5;1.36
400.75;1.4
401;1.4
401.25;1.32
401.5;1.36
401.75;1.4
402;1.4
402.25;1.32
402.5;1.36
402.75;1.36
403;1.4
403.25;1.32
403.5;1.36
403.75;1.36
404;1.4
404.25;1.32
404.5;1.36
404.75;1.36
405;1.4
405.25;1.28
405.5;1.36
405.75;1.32
406;1.36
406.25;1.28
406.5;1.36
406.75;1.32
407;1.36
407.25;1.28
407.5;1.32
407.75;1.32
408;1.36
408.25;1.28
408.5;1.32
408.75;1.32
409;1.36
409.25;1.28
409.5;1.32
409.75;1.32
410;1.36
410.25;1.28
410.5;1.32
410.75;1.32
411;1.36
411.25;1.28
411.5;1.28
411.75;1.32
412;1.32
412.25;1.24
412.5;1.32
412.75;1.28
413;1.32
413.25;1.24
413.5;1.28
413.75;1.28
414;1.32
414.25;1.24
414.5;1.28
414.75;1.28
415;1.32
415.25;1.24
415.5;1.28
415.75;1.28
416;1.32
416.25;1.2
416.5;1.28
416.75;1.24
417;1.32
417.25;1.2
417.5;1.28
417.75;1.24
418;1.28
418.25;1.2
418.5;1.24
418.75;1.24
419;1.28
419.25;1.2
419.5;1.24
419.75;1.24
420;1.28
420.25;1.2
420.5;1.2
420.75;1.24
421;1.28
421.25;1.2
421.5;1.24
421.75;1.24
422;1.28
422.25;1.16
422.5;1.24
422.75;1.24
423;1.24
423.25;1.16
423.5;1.24
423.75;1.2
424;1.24
424.25;1.16
424.5;1.24
424.75;1.2
425;1.24
425.25;1.16
425.5;1.2
425.75;1.2
426;1.24
426.25;1.16
426.5;1.2
426.75;1.2
427;1.24
427.25;1.16
427.5;1.2
427.75;1.2
428;1.24
428.25;1.12
428.5;1.16
428.75;1.2
429;1.2
429.25;1.12
429.5;1.16
429.75;1.16
430;1.2
430.25;1.12
430.5;1.16
430.75;1.16
431;1.2
431.25;1.12
431.5;1.16
431.75;1.16
432;1.2
432.25;1.12
432.5;1.16
432.75;1.16
433;1.2
433.25;1.08
433.5;1.16
433.75;1.16
434;1.16
434.25;1.08
434.5;1.12
434.75;1.16
435;1.16
435.25;1.08
435.5;1.12
435.75;1.12
436;1.16
436.25;1.08
436.5;1.12
436.75;1.12
437;1.16
437.25;1.08
437.5;1.12
437.75;1.08
438;1.16
438.25;1.08
438.5;1.08
438.75;1.12
439;1.16
439.25;1.04
439.5;1.12
439.75;1.08
440;1.16
440.25;1.04
440.5;1.08
440.75;1.08
441;1.12
441.25;1.04
441.5;1.08
441.75;1.08
442;1.12
442.25;1.04
442.5;1.08
442.75;1.08
443;1.12
443.25;1.04
443.5;1.08
443.75;1.08
444;1.12
444.25;1.04
444.5;1.04
444.75;1.08
445;1.08
445.25;1
445.5;1.04
445.75;1.04
446;1.08
446.25;1
446.5;1.04
446.75;1.04
447;1.08
447.25;1
447.5;1.04
447.75;1
448;1.08
448.25;1
448.5;1.04
448.75;1
449;1.08
449.25;1
449.5;1.04
449.75;1.04
450;1.08
450.25;0.96
450.5;1
450.75;1.04
451;1.04
451.25;0.96
451.5;1
451.75;1
452;1.04
452.25;0.96
452.5;1
452.75;1
453;1.04
453.25;0.96
453.5;1
453.75;1
454;1.04
454.25;0.96
454.5;1
454.75;1
455;1.04
455.25;0.92
455.5;1
455.75;0.96
456;1.04
456.25;0.92
456.5;1
456.75;0.96
457;1
457.25;0.92
457.5;0.92
457.75;0.96
458;1
458.25;0.92
458.5;0.96
458.75;0.96
459;1
459.25;0.92
459.5;0.96
459.75;0.96
460;1
460.25;0.92
460.5;0.96
460.75;0.96
461;1
461.25;0.88
461.5;0.96
461.75;0.96
462;1
462.25;0.88
462.5;0.92
462.75;0.96
463;0.96
463.25;0.88
463.5;0.92
463.75;0.92
464;0.96
464.25;0.88
464.5;0.92
464.75;0.92
465;0.96
465.25;0.88
465.5;0.92
465.75;0.92
466;0.96
466.25;0.88
466.5;0.88
466.75;0.92
467;0.96
467.25;0.84
467.5;0.88
467.75;0.88
468;0.92
468.25;0.84
468.5;0.88
468.75;0.88
469;0.92
469.25;0.84
469.5;0.92
469.75;0.88
470;0.92
470.25;0.84
470.5;0.88
470.75;0.88
471;0.92
471.25;0.84
471.5;0.88
471.75;0.84
472;0.92
472.25;0.8
472.5;0.84
472.75;0.84
473;0.92
473.25;0.8
473.5;0.84
473.75;0.88
474;0.88
474.25;0.8
474.5;0.84
474.75;0.84
475;0.88
475.25;0.8
475.5;0.84
475.75;0.84
476;0.88
476.25;0.8
476.5;0.84
476.75;0.84
477;0.88
477.25;0.8
477.5;0.8
477.75;0.84
478;0.88
478.25;0.8
478.5;0.8
478.75;0.84
479;0.84
479.25;0.76
479.5;0.8
479.75;0.8
480;0.84
480.25;0.76
480.5;0.8
480.75;0.8
481;0.84
481.25;0.76
481.5;0.8
481.75;0.8
482;0.84
482.25;0.76
482.5;0.8
482.75;0.8
483;0.84
483.25;0.72
483.5;0.8
483.75;0.76
484;0.84
484.25;0.72
484.5;0.76
484.75;0.76
485;0.8
485.25;0.72
485.5;0.76
485.75;0.76
486;0.8
486.25;0.72
486.5;0.76
486.75;0.76
487;0.8
487.25;0.72
487.5;0.76
487.75;0.76
488;0.8
488.25;0.72
488.5;0.76
488.75;0.72
489;0.8
489.25;0.68
489.5;0.72
489.75;0.76
490;0.76
490.25;0.68
490.5;0.76
490.75;0.76
491;0.76
491.25;0.68
491.5;0.72
491.75;0.72
492;0.76
492.25;0.68
492.5;0.72
492.75;0.72
493;0.76
493.25;0.68
493.5;0.68
493.75;0.68
494;0.76
494.25;0.68
494.5;0.68
494.75;0.72
495;0.76
495.25;0.64
495.5;0.72
495.75;0.68
496;0.72
496.25;0.64
496.5;0.72
496.75;0.68
497;0.72
497.25;0.64
497.5;0.68
497.75;0.68
498;0.72
498.25;0.64
498.5;0.68
498.75;0.68
499;0.72
499.25;0.64
499.5;0.64
499.75;0.64
500;0.72
500.25;0.6
500.5;0.64
500.75;0.68
501;0.72
501.25;0.6
501.5;0.64
501.75;0.64
502;0.68
502.25;0.6
502.5;0.64
502.75;0.64
503;0.68
503.25;0.6
503.5;0.6
503.75;0.64
504;0.68
504.25;0.6
504.5;0.6
504.75;0.64
505;0.68
505.25;0.6
505.5;0.6
505.75;0.64
506;0.68
506.25;0.56
506.5;0.6
506.75;0.64
507;0.64
507.25;0.56
507.5;0.6
507.75;0.6
508;0.64
508.25;0.56
508.5;0.6
508.75;0.6
509;0.64
509.25;0.56
509.5;0.6
509.75;0.6
510;0.64
510.25;0.56
510.5;0.56
510.75;0.56
511;0.64
511.25;0.52
511.5;0.6
511.75;0.6
512;0.6
512.25;0.52
512.5;0.56
512.75;0.56
513;0.6
513.25;0.52
513.5;0.56
513.75;0.56
514;0.6
514.25;0.52
514.5;0.56
514.75;0.6
515;0.6
515.25;0.52
515.5;0.56
515.75;0.56
516;0.6
516.25;0.52
516.5;0.52
516.75;0.56
517;0.6
517.25;0.48
517.5;0.52
517.75;0.56
518;0.56
518.25;0.48
518.5;0.52
518.75;0.52
519;0.56
519.25;0.48
519.5;0.52
519.75;0.52
520;0.56
520.25;0.48
520.5;0.52
520.75;0.48
521;0.56
521.25;0.48
521.5;0.52
521.75;0.52
522;0.56
522.25;0.48
522.5;0.48
522.75;0.52
523;0.56
523.25;0.44
523.5;0.48
523.75;0.48
524;0.52
524.25;0.44
524.5;0.48
524.75;0.48
525;0.52
525.25;0.44
525.5;0.48
525.75;0.48
526;0.52
526.25;0.44
526.5;0.44
526.75;0.44
527;0.52
527.25;0.44
527.5;0.44
527.75;0.44
528;0.52
528.25;0.44
528.5;0.48
528.75;0.48
529;0.48
529.25;0.4
529.5;0.44
529.75;0.44
530;0.48
530.25;0.4
530.5;0.44
530.75;0.44
531;0.48
531.25;0.4
531.5;0.44
531.75;0.44
532;0.48
532.25;0.4
532.5;0.44
532.75;0.44
533;0.48
533.25;0.36
533.5;0.4
533.75;0.44
534;0.48
534.25;0.36
534.5;0.4
534.75;0.4
535;0.44
535.25;0.36
535.5;0.4
535.75;0.4
536;0.44
536.25;0.36
536.5;0.4
536.75;0.4
537;0.44
537.25;0.36
537.5;0.4
537.75;0.36
538;0.44
538.25;0.36
538.5;0.36
538.75;0.4
539;0.44
539.25;0.36
539.5;0.36
539.75;0.4
540;0.4
540.25;0.32
540.5;0.36
540.75;0.36
541;0.4
541.25;0.32
541.5;0.36
541.75;0.36
542;0.4
542.25;0.32
542.5;0.36
542.75;0.36
543;0.4
543.25;0.32
543.5;0.36
543.75;0.36
544;0.4
544.25;0.32
544.5;0.36
544.75;0.36
545;0.36
545.25;0.28
545.5;0.32
545.75;0.32
546;0.36
546.25;0.28
546.5;0.32
546.75;0.32
547;0.36
547.25;0.28
547.5;0.32
547.75;0.28
548;0.36
548.25;0.28
548.5;0.32
548.75;0.32
549;0.36
549.25;0.28
549.5;0.32
549.75;0.32
550;0.36
550.25;0.28
550.5;0.28
550.75;0.28
551;0.36
551.25;0.24
551.5;0.28
551.75;0.28
552;0.32
552.25;0.24
552.5;0.28
552.75;0.28
553;0.32
553.25;0.24
553.5;0.28
553.75;0.28
554;0.32
554.25;0.24
554.5;0.24
554.75;0.24
555;0.32
555.25;0.24
555.5;0.28
555.75;0.24
556;0.32
556.25;0.2
556.5;0.24
556.75;0.28
557;0.28
557.25;0.2
557.5;0.24
557.75;0.24
558;0.28
558.25;0.2
558.5;0.24
558.75;0.24
559;0.28
559.25;0.2
559.5;0.24
559.75;0.24
560;0.28
560.25;0.2
560.5;0.24
560.75;0.24
561;0.28
561.25;0.16
561.5;0.2
561.75;0.2
562;0.28
562.25;0.16
562.5;0.2
562.75;0.2
563;0.24
563.25;0.16
563.5;0.2
563.75;0.2
564;0.24
564.25;0.16
564.5;0.2
564.75;0.2
565;0.24
565.25;0.16
565.5;0.2
565.75;0.16
566;0.24
566.25;0.16
566.5;0.16
566.75;0.16
567;0.24
567.25;0.12
567.5;0.2
567.75;0.2
568;0.2
568.25;0.12
568.5;0.16
568.75;0.16
569;0.2
569.25;0.12
569.5;0.16
569.75;0.16
570;0.2
570.25;0.12
570.5;0.16
570.75;0.16
571;0.2
571.25;0.12
571.5;0.16
571.75;0.16
572;0.2
572.25;0.12
572.5;0.16
572.75;0.16
573;0.2
573.25;0.08
573.5;0.12
573.75;0.12
574;0.16
574.25;0.08
574.5;0.12
574.75;0.12
575;0.16
575.25;0.08
575.5;0.12
575.75;0.12
576;0.16
576.25;0.08
576.5;0.12
576.75;0.12
577;0.16
577.25;0.08
577.5;0.08
577.75;0.08
578;0.16
578.25;0.04
578.5;0.12
578.75;0.08
579;0.12
579.25;0.04
579.5;0.12
579.75;0.12
580;0.12
580.25;0.04
580.5;0.08
580.75;0.08
581;0.12
581.25;0.04
581.5;0.08
581.75;0.08
582;0.12
582.25;0.04
582.5;0.08
582.75;0.08
583;0.12
583.25;0
583.5;0.08
583.75;0.04
584;0.12
584.25;0
584.5;0.04
584.75;0.08
585;0.08
585.25;0
585.5;0.04
585.75;0.04
586;0.08
586.25;0
586.5;0.04
586.75;0.04
587;0.08
587.25;0
587.5;0.04
587.75;0.04
588;0.08
588.25;0
588.5;0.04
588.75;0.04
589;0.08
589.25;0
589.5;0.04
589.75;0.04
590;0.08
590.25;0
590.5;0.04
590.75;0
591;0.08
591.25;0
591.5;0.04
591.75;0.04
592;0.08
592.25;0
592.5;0.04
592.75;0.04
593;0.08
593.25;0
593.5;0.04
593.75;0.04
594;0.08
594.25;0
594.5;0.04
594.75;0.04
595;0.08
595.25;0
595.5;0.04
595.75;0.08
596;0.08
596.25;0
596.5;0.04
596.75;0.04
597;0.08
597.25;0
597.5;0.04
597.75;0.04
598;0.08
598.25;0
598.5;0.04
598.75;0.04
599;0.08
599.25;0
599.5;0.04
599.75;0
600;0.08
