# Oscilloscope file ./20201025_013818.bin
# Channel 1
Time / s;Voltage / V
0;0.04
0.25;0.08
0.5;0
0.75;0.04
1;0.04
1.25;0.08
1.5;0
1.75;0
2;0
2.25;0.08
2.5;0
2.75;0.04
3;0.04
3.25;0.08
3.5;0
3.75;0.04
4;0.04
4.25;0.08
4.5;0
4.75;0.04
5;0
5.25;0.08
5.5;0
5.75;0.04
6;0.04
6.25;0.08
6.5;0
6.75;0.04
7;0.04
7.25;0.08
7.5;0
7.75;0.04
8;0.04
8.25;0.08
8.5;0
8.75;0.04
9;0.04
9.25;0.08
9.5;0
9.75;0
10;0.04
10.25;0.08
10.5;0
10.75;0.04
11;0.04
11.25;0.08
11.5;0
11.75;0.04
12;0.04
12.25;0.08
12.5;0
12.75;0.04
13;0.04
13.25;0.08
13.5;0
13.75;0.04
14;0.04
14.25;0.08
14.5;0
14.75;0.04
15;0.04
15.25;0.08
15.5;0
15.75;0.04
16;0.04
16.25;0.08
16.5;0
16.75;0.04
17;0.04
17.25;0.08
17.5;0
17.75;0.08
18;0.04
18.25;0.08
18.5;0
18.75;0.04
19;0.04
19.25;0.12
19.5;0
19.75;0.08
20;0.08
20.25;0.12
20.5;0
20.75;0.08
21;0.08
21.25;0.12
21.5;0.04
21.75;0.04
22;0.08
22.25;0.12
22.5;0.04
22.75;0.08
23;0.08
23.25;0.12
23.5;0.04
23.75;0.08
24;0.08
24.25;0.12
24.5;0.04
24.75;0.12
25;0.08
25.25;0.16
25.5;0.04
25.75;0.12
26;0.12
26.25;0.16
26.5;0.04
26.75;0.12
27;0.12
27.25;0.16
27.5;0.08
27.75;0.12
28;0.12
28.25;0.16
28.5;0.08
28.75;0.12
29;0.12
29.25;0.16
29.5;0.08
29.75;0.12
30;0.12
30.25;0.2
30.5;0.08
30.75;0.16
31;0.16
31.25;0.2
31.5;0.08
31.75;0.16
32;0.12
32.25;0.2
32.5;0.12
32.75;0.16
33;0.16
33.25;0.2
33.5;0.12
33.75;0.2
34;0.16
34.25;0.2
34.5;0.12
34.75;0.2
35;0.16
35.25;0.2
35.5;0.12
35.75;0.2
36;0.2
36.25;0.24
36.5;0.12
36.75;0.2
37;0.16
37.25;0.24
37.5;0.16
37.75;0.2
38;0.2
38.25;0.24
38.5;0.16
38.75;0.2
39;0.2
39.25;0.24
39.5;0.16
39.75;0.2
40;0.2
40.25;0.24
40.5;0.16
40.75;0.2
41;0.2
41.25;0.24
41.5;0.16
41.75;0.24
42;0.24
42.25;0.28
42.5;0.16
42.75;0.2
43;0.2
43.25;0.28
43.5;0.2
43.75;0.24
44;0.2
44.25;0.28
44.5;0.2
44.75;0.24
45;0.24
45.25;0.28
45.5;0.2
45.75;0.28
46;0.24
46.25;0.32
46.5;0.2
46.75;0.24
47;0.24
47.25;0.32
47.5;0.2
47.75;0.28
48;0.28
48.25;0.32
48.5;0.2
48.75;0.28
49;0.28
49.25;0.32
49.5;0.24
49.75;0.28
50;0.28
50.25;0.32
50.5;0.24
50.75;0.28
51;0.28
51.25;0.32
51.5;0.24
51.75;0.28
52;0.28
52.25;0.32
52.5;0.24
52.75;0.32
53;0.28
53.25;0.36
53.5;0.24
53.75;0.32
54;0.32
54.25;0.36
54.5;0.28
54.75;0.32
55;0.32
55.25;0.36
55.5;0.28
55.75;0.32
56;0.32
56.25;0.36
56.5;0.28
56.75;0.32
57;0.32
57.25;0.36
57.5;0.28
57.75;0.32
58;0.36
58.25;0.4
58.5;0.28
58.75;0.32
59;0.36
59.25;0.4
59.5;0.28
59.75;0.32
60;0.36
60.25;0.4
60.5;0.32
60.75;0.36
61;0.36
61.25;0.4
61.5;0.32
61.75;0.36
62;0.36
62.25;0.4
62.5;0.32
62.75;0.36
63;0.36
63.25;0.4
63.5;0.32
63.75;0.4
64;0.4
64.25;0.44
64.5;0.32
64.75;0.4
65;0.36
65.25;0.44
65.5;0.36
65.75;0.4
66;0.4
66.25;0.44
66.5;0.36
66.75;0.4
67;0.4
67.25;0.44
67.5;0.36
67.75;0.44
68;0.4
68.25;0.44
68.5;0.36
68.75;0.44
69;0.4
69.25;0.48
69.5;0.36
69.75;0.4
70;0.44
70.25;0.48
70.5;0.36
70.75;0.44
71;0.44
71.25;0.48
71.5;0.4
71.75;0.44
72;0.44
72.25;0.48
72.5;0.4
72.75;0.44
73;0.44
73.25;0.48
73.5;0.4
73.75;0.44
74;0.48
74.25;0.48
74.5;0.4
74.75;0.48
75;0.48
75.25;0.52
75.5;0.4
75.75;0.44
76;0.48
76.25;0.52
76.5;0.44
76.75;0.48
77;0.48
77.25;0.52
77.5;0.44
77.75;0.48
78;0.48
78.25;0.52
78.5;0.44
78.75;0.48
79;0.48
79.25;0.52
79.5;0.44
79.75;0.48
80;0.48
80.25;0.56
80.5;0.44
80.75;0.52
81;0.52
81.25;0.56
81.5;0.44
81.75;0.52
82;0.48
82.25;0.56
82.5;0.48
82.75;0.52
83;0.48
83.25;0.56
83.5;0.48
83.75;0.52
84;0.52
84.25;0.56
84.5;0.48
84.75;0.52
85;0.52
85.25;0.56
85.5;0.48
85.75;0.56
86;0.52
86.25;0.6
86.5;0.48
86.75;0.56
87;0.56
87.25;0.6
87.5;0.52
87.75;0.56
88;0.56
88.25;0.6
88.5;0.52
88.75;0.56
89;0.56
89.25;0.6
89.5;0.52
89.75;0.56
90;0.56
90.25;0.6
90.5;0.52
90.75;0.56
91;0.56
91.25;0.6
91.5;0.52
91.75;0.56
92;0.6
92.25;0.64
92.5;0.52
92.75;0.56
93;0.56
93.25;0.64
93.5;0.56
93.75;0.6
94;0.6
94.25;0.64
94.5;0.56
94.75;0.6
95;0.6
95.25;0.64
95.5;0.56
95.75;0.6
96;0.6
96.25;0.64
96.5;0.56
96.75;0.6
97;0.64
97.25;0.68
97.5;0.56
97.75;0.6
98;0.64
98.25;0.68
98.5;0.6
98.75;0.64
99;0.6
99.25;0.68
99.5;0.6
99.75;0.6
100;0.64
100.25;0.68
100.5;0.6
100.75;0.64
101;0.68
101.25;0.68
101.5;0.6
101.75;0.68
102;0.64
102.25;0.68
102.5;0.6
102.75;0.68
103;0.68
103.25;0.72
103.5;0.6
103.75;0.68
104;0.68
104.25;0.72
104.5;0.64
104.75;0.68
105;0.68
105.25;0.72
105.5;0.64
105.75;0.68
106;0.72
106.25;0.72
106.5;0.64
106.75;0.72
107;0.68
107.25;0.72
107.5;0.64
107.75;0.68
108;0.68
108.25;0.72
108.5;0.64
108.75;0.72
109;0.72
109.25;0.76
109.5;0.68
109.75;0.68
110;0.72
110.25;0.76
110.5;0.68
110.75;0.72
111;0.68
111.25;0.76
111.5;0.68
111.75;0.72
112;0.72
112.25;0.76
112.5;0.68
112.75;0.72
113;0.72
113.25;0.76
113.5;0.68
113.75;0.72
114;0.76
114.25;0.8
114.5;0.68
114.75;0.76
115;0.72
115.25;0.8
115.5;0.72
115.75;0.76
116;0.76
116.25;0.8
116.5;0.72
116.75;0.76
117;0.76
117.25;0.8
117.5;0.72
117.75;0.76
118;0.76
118.25;0.8
118.5;0.72
118.75;0.76
119;0.76
119.25;0.84
119.5;0.72
119.75;0.76
120;0.76
120.25;0.84
120.5;0.76
120.75;0.8
121;0.8
121.25;0.84
121.5;0.76
121.75;0.8
122;0.8
122.25;0.84
122.5;0.76
122.75;0.8
123;0.8
123.25;0.84
123.5;0.76
123.75;0.8
124;0.8
124.25;0.84
124.5;0.76
124.75;0.8
125;0.8
125.25;0.88
125.5;0.76
125.75;0.84
126;0.8
126.25;0.88
126.5;0.8
126.75;0.84
127;0.8
127.25;0.88
127.5;0.8
127.75;0.84
128;0.84
128.25;0.88
128.5;0.8
128.75;0.84
129;0.84
129.25;0.88
129.5;0.8
129.75;0.84
130;0.84
130.25;0.92
130.5;0.8
130.75;0.84
131;0.84
131.25;0.92
131.5;0.8
131.75;0.88
132;0.84
132.25;0.92
132.5;0.84
132.75;0.88
133;0.88
133.25;0.92
133.5;0.84
133.75;0.88
134;0.88
134.25;0.92
134.5;0.84
134.75;0.88
135;0.88
135.25;0.92
135.5;0.84
135.75;0.88
136;0.88
136.25;0.96
136.5;0.84
136.75;0.92
137;0.88
137.25;0.96
137.5;0.84
137.75;0.92
138;0.92
138.25;0.96
138.5;0.88
138.75;0.92
139;0.92
139.25;0.96
139.5;0.88
139.75;0.96
140;0.92
140.25;0.96
140.5;0.88
140.75;0.92
141;0.92
141.25;1
141.5;0.88
141.75;0.92
142;0.92
142.25;1
142.5;0.88
142.75;0.96
143;0.96
143.25;1
143.5;0.92
143.75;0.96
144;0.96
144.25;1
144.5;0.92
144.75;0.96
145;0.96
145.25;1
145.5;0.92
145.75;0.96
146;0.96
146.25;1
146.5;0.92
146.75;1
147;0.96
147.25;1.04
147.5;0.92
147.75;0.96
148;1
148.25;1.04
148.5;0.92
148.75;1
149;0.96
149.25;1.04
149.5;0.92
149.75;1
150;1
150.25;1.04
150.5;0.96
150.75;1
151;1
151.25;1.04
151.5;0.96
151.75;1
152;1
152.25;1.04
152.5;0.96
152.75;1.04
153;1
153.25;1.08
153.5;0.96
153.75;1
154;1
154.25;1.08
154.5;1
154.75;1.04
155;1.04
155.25;1.08
155.5;1
155.75;1.04
156;1.04
156.25;1.08
156.5;1
156.75;1.04
157;1.04
157.25;1.08
157.5;1
157.75;1.04
158;1.04
158.25;1.08
158.5;1
158.75;1.08
159;1.08
159.25;1.12
159.5;1
159.75;1.08
160;1.08
160.25;1.12
160.5;1.04
160.75;1.08
161;1.08
161.25;1.12
161.5;1.04
161.75;1.08
162;1.08
162.25;1.12
162.5;1.04
162.75;1.12
163;1.08
163.25;1.12
163.5;1.04
163.75;1.08
164;1.08
164.25;1.16
164.5;1.04
164.75;1.12
165;1.12
165.25;1.16
165.5;1.08
165.75;1.12
166;1.12
166.25;1.16
166.5;1.08
166.75;1.12
167;1.12
167.25;1.16
167.5;1.08
167.75;1.12
168;1.12
168.25;1.16
168.5;1.08
168.75;1.12
169;1.12
169.25;1.16
169.5;1.08
169.75;1.16
170;1.16
170.25;1.2
170.5;1.08
170.75;1.16
171;1.16
171.25;1.2
171.5;1.12
171.75;1.12
172;1.12
172.25;1.2
172.5;1.12
172.75;1.16
173;1.16
173.25;1.2
173.5;1.12
173.75;1.16
174;1.16
174.25;1.2
174.5;1.12
174.75;1.2
175;1.2
175.25;1.2
175.5;1.12
175.75;1.16
176;1.16
176.25;1.24
176.5;1.16
176.75;1.2
177;1.2
177.25;1.24
177.5;1.16
177.75;1.2
178;1.2
178.25;1.24
178.5;1.12
178.75;1.2
179;1.2
179.25;1.24
179.5;1.16
179.75;1.2
180;1.2
180.25;1.24
180.5;1.16
180.75;1.24
181;1.2
181.25;1.28
181.5;1.16
181.75;1.24
182;1.2
182.25;1.28
182.5;1.2
182.75;1.2
183;1.24
183.25;1.28
183.5;1.2
183.75;1.24
184;1.24
184.25;1.28
184.5;1.2
184.75;1.24
185;1.24
185.25;1.28
185.5;1.2
185.75;1.24
186;1.24
186.25;1.28
186.5;1.2
186.75;1.24
187;1.28
187.25;1.32
187.5;1.2
187.75;1.28
188;1.28
188.25;1.32
188.5;1.24
188.75;1.28
189;1.24
189.25;1.32
189.5;1.24
189.75;1.28
190;1.28
190.25;1.32
190.5;1.24
190.75;1.28
191;1.28
191.25;1.32
191.5;1.24
191.75;1.32
192;1.28
192.25;1.36
192.5;1.24
192.75;1.32
193;1.28
193.25;1.36
193.5;1.28
193.75;1.32
194;1.28
194.25;1.36
194.5;1.28
194.75;1.32
195;1.32
195.25;1.36
195.5;1.28
195.75;1.32
196;1.32
196.25;1.36
196.5;1.28
196.75;1.36
197;1.32
197.25;1.36
197.5;1.28
197.75;1.36
198;1.32
198.25;1.4
198.5;1.32
198.75;1.36
199;1.36
199.25;1.4
199.5;1.32
199.75;1.36
200;1.36
200.25;1.4
200.5;1.32
200.75;1.36
201;1.36
201.25;1.4
201.5;1.32
201.75;1.36
202;1.36
202.25;1.4
202.5;1.32
202.75;1.36
203;1.4
203.25;1.44
203.5;1.32
203.75;1.4
204;1.4
204.25;1.44
204.5;1.36
204.75;1.4
205;1.4
205.25;1.44
205.5;1.36
205.75;1.4
206;1.4
206.25;1.44
206.5;1.36
206.75;1.4
207;1.4
207.25;1.44
207.5;1.36
207.75;1.4
208;1.4
208.25;1.44
208.5;1.36
208.75;1.44
209;1.44
209.25;1.48
209.5;1.36
209.75;1.44
210;1.44
210.25;1.48
210.5;1.4
210.75;1.44
211;1.44
211.25;1.48
211.5;1.4
211.75;1.44
212;1.44
212.25;1.48
212.5;1.4
212.75;1.44
213;1.44
213.25;1.52
213.5;1.4
213.75;1.48
214;1.44
214.25;1.52
214.5;1.4
214.75;1.48
215;1.44
215.25;1.52
215.5;1.4
215.75;1.48
216;1.48
216.25;1.52
216.5;1.44
216.75;1.48
217;1.48
217.25;1.52
217.5;1.44
217.75;1.52
218;1.48
218.25;1.52
218.5;1.44
218.75;1.48
219;1.48
219.25;1.56
219.5;1.44
219.75;1.48
220;1.48
220.25;1.56
220.5;1.44
220.75;1.52
221;1.52
221.25;1.56
221.5;1.48
221.75;1.52
222;1.52
222.25;1.56
222.5;1.48
222.75;1.52
223;1.52
223.25;1.56
223.5;1.48
223.75;1.56
224;1.52
224.25;1.56
224.5;1.48
224.75;1.52
225;1.56
225.25;1.6
225.5;1.48
225.75;1.52
226;1.52
226.25;1.6
226.5;1.52
226.75;1.56
227;1.56
227.25;1.6
227.5;1.52
227.75;1.56
228;1.56
228.25;1.6
228.5;1.52
228.75;1.56
229;1.56
229.25;1.6
229.5;1.52
229.75;1.56
230;1.56
230.25;1.64
230.5;1.52
230.75;1.6
231;1.6
231.25;1.64
231.5;1.52
231.75;1.6
232;1.56
232.25;1.64
232.5;1.56
232.75;1.6
233;1.64
233.25;1.64
233.5;1.56
233.75;1.6
234;1.6
234.25;1.64
234.5;1.56
234.75;1.6
235;1.6
235.25;1.68
235.5;1.56
235.75;1.6
236;1.6
236.25;1.68
236.5;1.56
236.75;1.64
237;1.64
237.25;1.68
237.5;1.6
237.75;1.64
238;1.6
238.25;1.68
238.5;1.6
238.75;1.64
239;1.64
239.25;1.68
239.5;1.6
239.75;1.64
240;1.64
240.25;1.68
240.5;1.6
240.75;1.64
241;1.64
241.25;1.68
241.5;1.6
241.75;1.64
242;1.64
242.25;1.72
242.5;1.6
242.75;1.64
243;1.64
243.25;1.72
243.5;1.64
243.75;1.72
244;1.68
244.25;1.72
244.5;1.64
244.75;1.68
245;1.68
245.25;1.72
245.5;1.64
245.75;1.68
246;1.68
246.25;1.72
246.5;1.64
246.75;1.68
247;1.68
247.25;1.76
247.5;1.64
247.75;1.72
248;1.68
248.25;1.76
248.5;1.68
248.75;1.72
249;1.68
249.25;1.76
249.5;1.68
249.75;1.72
250;1.72
250.25;1.76
250.5;1.68
250.75;1.72
251;1.72
251.25;1.76
251.5;1.68
251.75;1.72
252;1.76
252.25;1.8
252.5;1.68
252.75;1.72
253;1.76
253.25;1.8
253.5;1.68
253.75;1.76
254;1.76
254.25;1.8
254.5;1.72
254.75;1.76
255;1.76
255.25;1.8
255.5;1.72
255.75;1.76
256;1.76
256.25;1.8
256.5;1.72
256.75;1.8
257;1.76
257.25;1.8
257.5;1.72
257.75;1.76
258;1.76
258.25;1.8
258.5;1.72
258.75;1.76
259;1.8
259.25;1.84
259.5;1.72
259.75;1.8
260;1.8
260.25;1.84
260.5;1.76
260.75;1.8
261;1.8
261.25;1.84
261.5;1.76
261.75;1.8
262;1.8
262.25;1.84
262.5;1.76
262.75;1.8
263;1.8
263.25;1.84
263.5;1.76
263.75;1.84
264;1.8
264.25;1.88
264.5;1.76
264.75;1.84
265;1.84
265.25;1.88
265.5;1.8
265.75;1.84
266;1.84
266.25;1.88
266.5;1.8
266.75;1.84
267;1.84
267.25;1.88
267.5;1.8
267.75;1.84
268;1.84
268.25;1.88
268.5;1.8
268.75;1.88
269;1.84
269.25;1.92
269.5;1.8
269.75;1.84
270;1.84
270.25;1.92
270.5;1.8
270.75;1.84
271;1.88
271.25;1.92
271.5;1.84
271.75;1.88
272;1.88
272.25;1.92
272.5;1.84
272.75;1.88
273;1.88
273.25;1.92
273.5;1.84
273.75;1.88
274;1.88
274.25;1.92
274.5;1.84
274.75;1.88
275;1.88
275.25;1.96
275.5;1.84
275.75;1.88
276;1.92
276.25;1.96
276.5;1.88
276.75;1.92
277;1.92
277.25;1.96
277.5;1.88
277.75;1.92
278;1.92
278.25;1.96
278.5;1.88
278.75;1.92
279;1.92
279.25;1.96
279.5;1.88
279.75;1.96
280;1.92
280.25;2
280.5;1.88
280.75;1.92
281;1.92
281.25;2
281.5;1.92
281.75;1.96
282;1.92
282.25;2
282.5;1.92
282.75;1.96
283;1.96
283.25;2
283.5;1.92
283.75;1.96
284;1.96
284.25;2
284.5;1.92
284.75;1.96
285;2
285.25;2
285.5;1.92
285.75;1.96
286;1.96
286.25;2.04
286.5;1.92
286.75;1.96
287;1.96
287.25;2.04
287.5;1.92
287.75;2
288;2
288.25;2.04
288.5;1.96
288.75;2
289;2
289.25;2.04
289.5;1.96
289.75;2
290;2
290.25;2.04
290.5;1.96
290.75;2.04
291;2
291.25;2.08
291.5;1.96
291.75;2
292;2.04
292.25;2.08
292.5;1.96
292.75;2.04
293;2.04
293.25;2.08
293.5;2
293.75;2.04
294;2
294.25;2.08
294.5;2
294.75;2.04
295;2.04
295.25;2.08
295.5;2
295.75;2.04
296;2.08
296.25;2.08
296.5;2
296.75;2.04
297;2.08
297.25;2.12
297.5;2
297.75;2.08
298;2.08
298.25;2.12
298.5;2
298.75;2.04
299;2.04
299.25;2.12
299.5;2.04
299.75;2.08
300;2.08
300.25;2.12
300.5;2.04
300.75;2.08
301;2.08
301.25;2.12
301.5;2.04
301.75;2.08
302;2.12
302.25;2.12
302.5;2.04
302.75;2.08
303;2.12
303.25;2.16
303.5;2.08
303.75;2.12
304;2.08
304.25;2.16
304.5;2.08
304.75;2.12
305;2.12
305.25;2.16
305.5;2.08
305.75;2.12
306;2.12
306.25;2.16
306.5;2.08
306.75;2.12
307;2.12
307.25;2.16
307.5;2.08
307.75;2.12
308;2.12
308.25;2.2
308.5;2.08
308.75;2.12
309;2.16
309.25;2.2
309.5;2.08
309.75;2.16
310;2.16
310.25;2.2
310.5;2.12
310.75;2.16
311;2.16
311.25;2.2
311.5;2.12
311.75;2.16
312;2.16
312.25;2.2
312.5;2.12
312.75;2.16
313;2.16
313.25;2.2
313.5;2.12
313.75;2.16
314;2.16
314.25;2.24
314.5;2.12
314.75;2.2
315;2.16
315.25;2.24
315.5;2.16
315.75;2.2
316;2.2
316.25;2.24
316.5;2.16
316.75;2.2
317;2.2
317.25;2.24
317.5;2.16
317.75;2.2
318;2.2
318.25;2.24
318.5;2.16
318.75;2.2
319;2.2
319.25;2.28
319.5;2.16
319.75;2.2
320;2.2
320.25;2.28
320.5;2.16
320.75;2.2
321;2.24
321.25;2.28
321.5;2.2
321.75;2.24
322;2.2
322.25;2.28
322.5;2.2
322.75;2.24
323;2.24
323.25;2.28
323.5;2.2
323.75;2.24
324;2.28
324.25;2.28
324.5;2.2
324.75;2.24
325;2.24
325.25;2.32
325.5;2.2
325.75;2.28
326;2.24
326.25;2.32
326.5;2.24
326.75;2.28
327;2.28
327.25;2.32
327.5;2.24
327.75;2.28
328;2.28
328.25;2.32
328.5;2.24
328.75;2.32
329;2.28
329.25;2.32
329.5;2.24
329.75;2.28
330;2.28
330.25;2.32
330.5;2.24
330.75;2.28
331;2.28
331.25;2.36
331.5;2.28
331.75;2.28
332;2.32
332.25;2.36
332.5;2.24
332.75;2.32
333;2.32
333.25;2.36
333.5;2.28
333.75;2.28
334;2.32
334.25;2.36
334.5;2.28
334.75;2.32
335;2.32
335.25;2.36
335.5;2.28
335.75;2.32
336;2.36
336.25;2.4
336.5;2.28
336.75;2.36
337;2.32
337.25;2.4
337.5;2.32
337.75;2.32
338;2.36
338.25;2.4
338.5;2.32
338.75;2.36
339;2.32
339.25;2.4
339.5;2.32
339.75;2.36
340;2.36
340.25;2.4
340.5;2.32
340.75;2.4
341;2.36
341.25;2.4
341.5;2.32
341.75;2.36
342;2.36
342.25;2.44
342.5;2.36
342.75;2.4
343;2.4
343.25;2.44
343.5;2.36
343.75;2.4
344;2.4
344.25;2.44
344.5;2.36
344.75;2.36
345;2.4
345.25;2.44
345.5;2.36
345.75;2.4
346;2.4
346.25;2.48
346.5;2.36
346.75;2.4
347;2.4
347.25;2.48
347.5;2.36
347.75;2.44
348;2.44
348.25;2.48
348.5;2.4
348.75;2.4
349;2.4
349.25;2.48
349.5;2.4
349.75;2.44
350;2.44
350.25;2.48
350.5;2.4
350.75;2.44
351;2.44
351.25;2.48
351.5;2.4
351.75;2.48
352;2.44
352.25;2.48
352.5;2.4
352.75;2.44
353;2.44
353.25;2.52
353.5;2.4
353.75;2.44
354;2.44
354.25;2.52
354.5;2.4
354.75;2.48
355;2.48
355.25;2.52
355.5;2.44
355.75;2.48
356;2.48
356.25;2.52
356.5;2.44
356.75;2.52
357;2.48
357.25;2.52
357.5;2.44
357.75;2.48
358;2.48
358.25;2.52
358.5;2.44
358.75;2.48
359;2.52
359.25;2.56
359.5;2.44
359.75;2.48
360;2.52
360.25;2.56
360.5;2.48
360.75;2.52
361;2.52
361.25;2.56
361.5;2.48
361.75;2.52
362;2.52
362.25;2.56
362.5;2.48
362.75;2.56
363;2.52
363.25;2.56
363.5;2.48
363.75;2.52
364;2.52
364.25;2.6
364.5;2.48
364.75;2.56
365;2.56
365.25;2.6
365.5;2.52
365.75;2.56
366;2.56
366.25;2.6
366.5;2.52
366.75;2.56
367;2.56
367.25;2.6
367.5;2.52
367.75;2.56
368;2.56
368.25;2.6
368.5;2.52
368.75;2.56
369;2.56
369.25;2.64
369.5;2.52
369.75;2.6
370;2.6
370.25;2.64
370.5;2.56
370.75;2.6
371;2.6
371.25;2.64
371.5;2.56
371.75;2.6
372;2.6
372.25;2.64
372.5;2.56
372.75;2.6
373;2.6
373.25;2.64
373.5;2.56
373.75;2.6
374;2.6
374.25;2.64
374.5;2.56
374.75;2.6
375;2.6
375.25;2.68
375.5;2.56
375.75;2.6
376;2.64
376.25;2.68
376.5;2.56
376.75;2.64
377;2.64
377.25;2.68
377.5;2.6
377.75;2.64
378;2.64
378.25;2.68
378.5;2.6
378.75;2.64
379;2.64
379.25;2.68
379.5;2.6
379.75;2.64
380;2.68
380.25;2.72
380.5;2.6
380.75;2.68
381;2.64
381.25;2.72
381.5;2.6
381.75;2.64
382;2.64
382.25;2.72
382.5;2.64
382.75;2.68
383;2.68
383.25;2.72
383.5;2.64
383.75;2.68
384;2.68
384.25;2.72
384.5;2.64
384.75;2.72
385;2.68
385.25;2.72
385.5;2.64
385.75;2.68
386;2.72
386.25;2.76
386.5;2.64
386.75;2.68
387;2.68
387.25;2.76
387.5;2.68
387.75;2.72
388;2.72
388.25;2.76
388.5;2.68
388.75;2.72
389;2.72
389.25;2.76
389.5;2.68
389.75;2.72
390;2.72
390.25;2.76
390.5;2.68
390.75;2.76
391;2.72
391.25;2.76
391.5;2.68
391.75;2.76
392;2.76
392.25;2.8
392.5;2.68
392.75;2.76
393;2.76
393.25;2.8
393.5;2.72
393.75;2.72
394;2.76
394.25;2.8
394.5;2.72
394.75;2.76
395;2.76
395.25;2.8
395.5;2.72
395.75;2.8
396;2.76
396.25;2.8
396.5;2.72
396.75;2.76
397;2.8
397.25;2.84
397.5;2.72
397.75;2.8
398;2.76
398.25;2.84
398.5;2.76
398.75;2.76
399;2.8
399.25;2.84
399.5;2.76
399.75;2.8
400;2.8
400.25;2.84
400.5;2.76
400.75;2.8
401;2.8
401.25;2.84
401.5;2.76
401.75;2.8
402;2.8
402.25;2.84
402.5;2.76
402.75;2.8
403;2.8
403.25;2.88
403.5;2.76
403.75;2.8
404;2.8
404.25;2.88
404.5;2.8
404.75;2.84
405;2.8
405.25;2.88
405.5;2.8
405.75;2.84
406;2.84
406.25;2.88
406.5;2.8
406.75;2.84
407;2.84
407.25;2.92
407.5;2.8
407.75;2.84
408;2.84
408.25;2.92
408.5;2.8
408.75;2.88
409;2.88
409.25;2.92
409.5;2.84
409.75;2.88
410;2.88
410.25;2.92
410.5;2.84
410.75;2.88
411;2.88
411.25;2.92
411.5;2.84
411.75;2.88
412;2.88
412.25;2.92
412.5;2.84
412.75;2.88
413;2.88
413.25;2.92
413.5;2.84
413.75;2.92
414;2.92
414.25;2.96
414.5;2.84
414.75;2.88
415;2.92
415.25;2.96
415.5;2.88
415.75;2.92
416;2.92
416.25;2.96
416.5;2.88
416.75;2.92
417;2.92
417.25;2.96
417.5;2.88
417.75;2.92
418;2.96
418.25;2.96
418.5;2.88
418.75;2.92
419;2.92
419.25;3
419.5;2.88
419.75;2.92
420;2.92
420.25;3
420.5;2.88
420.75;2.96
421;2.92
421.25;3
421.5;2.92
421.75;2.96
422;2.96
422.25;3
422.5;2.92
422.75;2.96
423;2.96
423.25;3
423.5;2.92
423.75;2.96
424;3
424.25;3.04
424.5;2.92
424.75;2.96
425;2.96
425.25;3.04
425.5;2.92
425.75;2.96
426;3
426.25;3.04
426.5;2.92
426.75;3
427;2.96
427.25;3.04
427.5;2.96
427.75;3
428;3
428.25;3.04
428.5;2.96
428.75;3
429;3
429.25;3.04
429.5;2.96
429.75;3
430;3
430.25;3.04
430.5;2.96
430.75;3
431;3
431.25;3.08
431.5;2.96
431.75;3.04
432;3
432.25;3.08
432.5;3
432.75;3.04
433;3.04
433.25;3.08
433.5;3
433.75;3.04
434;3.08
434.25;3.08
434.5;3
434.75;3.04
435;3.04
435.25;3.08
435.5;3
435.75;3.04
436;3.04
436.25;3.12
436.5;3
436.75;3.04
437;3.04
437.25;3.12
437.5;3.04
437.75;3.08
438;3.08
438.25;3.12
438.5;3.04
438.75;3.08
439;3.08
439.25;3.12
439.5;3.04
439.75;3.08
440;3.12
440.25;3.12
440.5;3.04
440.75;3.08
441;3.08
441.25;3.12
441.5;3.04
441.75;3.08
442;3.08
442.25;3.16
442.5;3.04
442.75;3.08
443;3.12
443.25;3.16
443.5;3.08
443.75;3.08
444;3.12
444.25;3.16
444.5;3.08
444.75;3.16
445;3.12
445.25;3.16
445.5;3.08
445.75;3.12
446;3.12
446.25;3.16
446.5;3.08
446.75;3.12
447;3.12
447.25;3.2
447.5;3.08
447.75;3.12
448;3.12
448.25;3.2
448.5;3.12
448.75;3.16
449;3.16
449.25;3.2
449.5;3.12
449.75;3.12
450;3.16
450.25;3.2
450.5;3.12
450.75;3.16
451;3.16
451.25;3.2
451.5;3.12
451.75;3.16
452;3.16
452.25;3.2
452.5;3.12
452.75;3.2
453;3.16
453.25;3.24
453.5;3.12
453.75;3.2
454;3.2
454.25;3.24
454.5;3.12
454.75;3.2
455;3.2
455.25;3.24
455.5;3.16
455.75;3.2
456;3.16
456.25;3.24
456.5;3.16
456.75;3.2
457;3.2
457.25;3.24
457.5;3.16
457.75;3.2
458;3.2
458.25;3.28
458.5;3.16
458.75;3.24
459;3.24
459.25;3.28
459.5;3.2
459.75;3.24
460;3.2
460.25;3.28
460.5;3.2
460.75;3.24
461;3.24
461.25;3.28
461.5;3.2
461.75;3.24
462;3.24
462.25;3.28
462.5;3.2
462.75;3.24
463;3.28
463.25;3.28
463.5;3.2
463.75;3.24
464;3.24
464.25;3.32
464.5;3.2
464.75;3.28
465;3.28
465.25;3.32
465.5;3.24
465.75;3.28
466;3.24
466.25;3.32
466.5;3.24
466.75;3.32
467;3.28
467.25;3.32
467.5;3.24
467.75;3.28
468;3.28
468.25;3.32
468.5;3.24
468.75;3.28
469;3.32
469.25;3.32
469.5;3.24
469.75;3.28
470;3.32
470.25;3.36
470.5;3.24
470.75;3.32
471;3.32
471.25;3.36
471.5;3.24
471.75;3.32
472;3.32
472.25;3.36
472.5;3.28
472.75;3.32
473;3.32
473.25;3.36
473.5;3.28
473.75;3.32
474;3.32
474.25;3.36
474.5;3.28
474.75;3.32
475;3.32
475.25;3.4
475.5;3.28
475.75;3.36
476;3.32
476.25;3.4
476.5;3.32
476.75;3.36
477;3.36
477.25;3.4
477.5;3.32
477.75;3.32
478;3.32
478.25;3.4
478.5;3.32
478.75;3.36
479;3.36
479.25;3.4
479.5;3.32
479.75;3.36
480;3.36
480.25;3.4
480.5;3.32
480.75;3.4
481;3.36
481.25;3.44
481.5;3.32
481.75;3.4
482;3.4
482.25;3.44
482.5;3.36
482.75;3.4
483;3.4
483.25;3.44
483.5;3.36
483.75;3.4
484;3.4
484.25;3.44
484.5;3.36
484.75;3.44
485;3.4
485.25;3.44
485.5;3.36
485.75;3.4
486;3.4
486.25;3.48
486.5;3.36
486.75;3.44
487;3.44
487.25;3.48
487.5;3.36
487.75;3.44
488;3.44
488.25;3.48
488.5;3.4
488.75;3.44
489;3.44
489.25;3.48
489.5;3.4
489.75;3.48
490;3.44
490.25;3.48
490.5;3.4
490.75;3.44
491;3.44
491.25;3.48
491.5;3.4
491.75;3.48
492;3.44
492.25;3.48
492.5;3.4
492.75;3.48
493;3.48
493.25;3.52
493.5;3.44
493.75;3.48
494;3.48
494.25;3.52
494.5;3.44
494.75;3.48
495;3.48
495.25;3.52
495.5;3.44
495.75;3.52
496;3.48
496.25;3.52
496.5;3.44
496.75;3.48
497;3.48
497.25;3.52
497.5;3.44
497.75;3.52
498;3.52
498.25;3.56
498.5;3.44
498.75;3.48
499;3.52
499.25;3.56
499.5;3.48
499.75;3.52
500;3.52
500.25;3.56
500.5;3.48
500.75;3.52
501;3.52
501.25;3.56
501.5;3.48
501.75;3.52
502;3.56
502.25;3.6
502.5;3.48
502.75;3.56
503;3.56
503.25;3.56
503.5;3.48
503.75;3.52
504;3.52
504.25;3.6
504.5;3.52
504.75;3.56
505;3.56
505.25;3.6
505.5;3.52
505.75;3.56
506;3.56
506.25;3.6
506.5;3.52
506.75;3.56
507;3.56
507.25;3.6
507.5;3.52
507.75;3.56
508;3.56
508.25;3.6
508.5;3.52
508.75;3.6
509;3.6
509.25;3.64
509.5;3.56
509.75;3.6
510;3.6
510.25;3.64
510.5;3.56
510.75;3.56
511;3.6
511.25;3.64
511.5;3.56
511.75;3.6
512;3.64
512.25;3.64
512.5;3.56
512.75;3.6
513;3.6
513.25;3.64
513.5;3.56
513.75;3.6
514;3.6
514.25;3.68
514.5;3.56
514.75;3.6
515;3.64
515.25;3.68
515.5;3.56
515.75;3.64
516;3.64
516.25;3.68
516.5;3.6
516.75;3.68
517;3.64
517.25;3.68
517.5;3.6
517.75;3.64
518;3.64
518.25;3.68
518.5;3.6
518.75;3.64
519;3.64
519.25;3.72
519.5;3.6
519.75;3.68
520;3.64
520.25;3.72
520.5;3.6
520.75;3.64
521;3.64
521.25;3.72
521.5;3.64
521.75;3.68
522;3.64
522.25;3.72
522.5;3.64
522.75;3.68
523;3.68
523.25;3.72
523.5;3.64
523.75;3.68
524;3.72
524.25;3.72
524.5;3.64
524.75;3.72
525;3.68
525.25;3.76
525.5;3.64
525.75;3.72
526;3.72
526.25;3.76
526.5;3.68
526.75;3.68
527;3.72
527.25;3.76
527.5;3.68
527.75;3.72
528;3.72
528.25;3.76
528.5;3.68
528.75;3.72
529;3.72
529.25;3.76
529.5;3.68
529.75;3.72
530;3.72
530.25;3.76
530.5;3.68
530.75;3.72
531;3.72
531.25;3.8
531.5;3.68
531.75;3.72
532;3.72
532.25;3.8
532.5;3.68
532.75;3.76
533;3.76
533.25;3.8
533.5;3.72
533.75;3.8
534;3.76
534.25;3.8
534.5;3.72
534.75;3.76
535;3.76
535.25;3.8
535.5;3.72
535.75;3.76
536;3.76
536.25;3.8
536.5;3.72
536.75;3.76
537;3.8
537.25;3.84
537.5;3.76
537.75;3.76
538;3.8
538.25;3.84
538.5;3.76
538.75;3.8
539;3.8
539.25;3.84
539.5;3.76
539.75;3.8
540;3.76
540.25;3.84
540.5;3.76
540.75;3.8
541;3.8
541.25;3.88
541.5;3.76
541.75;3.8
542;3.84
542.25;3.88
542.5;3.76
542.75;3.8
543;3.84
543.25;3.88
543.5;3.8
543.75;3.84
544;3.84
544.25;3.88
544.5;3.8
544.75;3.84
545;3.8
545.25;3.88
545.5;3.8
545.75;3.8
546;3.84
546.25;3.92
546.5;3.8
546.75;3.88
547;3.84
547.25;3.92
547.5;3.8
547.75;3.88
548;3.88
548.25;3.92
548.5;3.84
548.75;3.88
549;3.88
549.25;3.92
549.5;3.84
549.75;3.88
550;3.88
550.25;3.92
550.5;3.84
550.75;3.92
551;3.88
551.25;3.92
551.5;3.84
551.75;3.88
552;3.88
552.25;3.96
552.5;3.84
552.75;3.88
553;3.88
553.25;3.96
553.5;3.84
553.75;3.92
554;3.88
554.25;3.96
554.5;3.88
554.75;3.88
555;3.88
555.25;3.96
555.5;3.88
555.75;3.92
556;3.92
556.25;3.96
556.5;3.88
556.75;3.92
557;3.92
557.25;3.96
557.5;3.88
557.75;3.92
558;3.92
558.25;4
558.5;3.88
558.75;3.92
559;3.92
559.25;4
559.5;3.88
559.75;3.92
560;3.92
560.25;4
560.5;3.92
560.75;3.96
561;3.96
561.25;4
561.5;3.92
561.75;3.96
562;3.96
562.25;4
562.5;3.92
562.75;4
563;4
563.25;4
563.5;3.92
563.75;3.96
564;3.96
564.25;4.04
564.5;3.92
564.75;4
565;4
565.25;4.04
565.5;3.96
565.75;4
566;3.96
566.25;4.04
566.5;3.96
566.75;4
567;4
567.25;4.04
567.5;3.96
567.75;4
568;4
568.25;4.08
568.5;3.96
568.75;4.04
569;4
569.25;4.04
569.5;3.96
569.75;4
570;4.04
570.25;4.08
570.5;3.96
570.75;4.04
571;4.04
571.25;4.08
571.5;4
571.75;4.04
572;4
572.25;4.08
572.5;4
572.75;4.04
573;4.04
573.25;4.08
573.5;4
573.75;4
574;4.04
574.25;4.08
574.5;4
574.75;4.04
575;4.04
575.25;4.12
575.5;4
575.75;4.04
576;4.04
576.25;4.12
576.5;4.04
576.75;4.04
577;4.08
577.25;4.12
577.5;4.04
577.75;4.04
578;4.08
578.25;4.12
578.5;4.04
578.75;4.08
579;4.08
579.25;4.12
579.5;4.04
579.75;4.08
580;4.08
580.25;4.16
580.5;4.04
580.75;4.08
581;4.08
581.25;4.12
581.5;4.04
581.75;4.12
582;4.08
582.25;4.16
582.5;4.08
582.75;4.12
583;4.12
583.25;4.16
583.5;4.08
583.75;4.12
584;4.12
584.25;4.16
584.5;4.08
584.75;4.12
585;4.12
585.25;4.16
585.5;4.08
585.75;4.12
586;4.12
586.25;4.16
586.5;4.08
586.75;4.16
587;4.16
587.25;4.2
587.5;4.12
587.75;4.16
588;4.12
588.25;4.2
588.5;4.12
588.75;4.16
589;4.16
589.25;4.2
589.5;4.12
589.75;4.16
590;4.16
590.25;4.2
590.5;4.12
590.75;4.16
591;4.16
591.25;4.24
591.5;4.12
591.75;4.16
592;4.16
592.25;4.24
592.5;4.12
592.75;4.2
593;4.16
593.25;4.24
593.5;4.16
593.75;4.2
594;4.2
594.25;4.24
594.5;4.16
594.75;4.2
595;4.2
595.25;4.24
595.5;4.16
595.75;4.2
596;4.2
596.25;4.24
596.5;4.16
596.75;4.24
597;4.2
597.25;4.24
597.5;4.16
597.75;4.2
598;4.2
598.25;4.28
598.5;4.16
598.75;4.2
599;4.24
599.25;4.28
599.5;4.2
599.75;4.24
600;4.2
600.25;4.28
600.5;4.2
600.75;4.24
601;4.24
601.25;4.28
601.5;4.2
601.75;4.28
602;4.24
602.25;4.28
602.5;4.2
602.75;4.28
603;4.28
603.25;4.32
603.5;4.2
603.75;4.28
604;4.24
604.25;4.32
604.5;4.2
604.75;4.28
605;4.28
605.25;4.32
605.5;4.24
605.75;4.28
606;4.32
606.25;4.32
606.5;4.24
606.75;4.28
607;4.28
607.25;4.32
607.5;4.24
607.75;4.28
608;4.28
608.25;4.36
608.5;4.24
608.75;4.32
609;4.32
609.25;4.36
609.5;4.24
609.75;4.28
610;4.32
610.25;4.36
610.5;4.28
610.75;4.28
611;4.28
611.25;4.36
611.5;4.28
611.75;4.32
612;4.32
612.25;4.36
612.5;4.28
612.75;4.36
613;4.36
613.25;4.36
613.5;4.28
613.75;4.32
614;4.32
614.25;4.4
614.5;4.28
614.75;4.36
615;4.32
615.25;4.4
615.5;4.32
615.75;4.36
616;4.36
616.25;4.4
616.5;4.32
616.75;4.36
617;4.36
617.25;4.4
617.5;4.32
617.75;4.4
618;4.36
618.25;4.4
618.5;4.32
618.75;4.4
619;4.36
619.25;4.44
619.5;4.32
619.75;4.4
620;4.36
620.25;4.44
620.5;4.36
620.75;4.36
621;4.4
621.25;4.44
621.5;4.36
621.75;4.4
622;4.4
622.25;4.44
622.5;4.36
622.75;4.4
623;4.44
623.25;4.44
623.5;4.36
623.75;4.44
624;4.4
624.25;4.44
624.5;4.36
624.75;4.4
625;4.4
625.25;4.48
625.5;4.36
625.75;4.44
626;4.44
626.25;4.48
626.5;4.36
626.75;4.44
627;4.44
627.25;4.48
627.5;4.4
627.75;4.44
628;4.44
628.25;4.48
628.5;4.4
628.75;4.44
629;4.44
629.25;4.48
629.5;4.4
629.75;4.48
630;4.44
630.25;4.48
630.5;4.4
630.75;4.44
631;4.44
631.25;4.52
631.5;4.44
631.75;4.44
632;4.48
632.25;4.52
632.5;4.44
632.75;4.48
633;4.48
633.25;4.52
633.5;4.44
633.75;4.48
634;4.48
634.25;4.52
634.5;4.44
634.75;4.48
635;4.48
635.25;4.52
635.5;4.44
635.75;4.52
636;4.52
636.25;4.56
636.5;4.44
636.75;4.48
637;4.48
637.25;4.56
637.5;4.48
637.75;4.48
638;4.52
638.25;4.56
638.5;4.48
638.75;4.52
639;4.52
639.25;4.56
639.5;4.48
639.75;4.52
640;4.52
640.25;4.56
640.5;4.48
640.75;4.56
641;4.52
641.25;4.6
641.5;4.48
641.75;4.56
642;4.52
642.25;4.6
642.5;4.48
642.75;4.56
643;4.52
643.25;4.6
643.5;4.48
643.75;4.6
644;4.56
644.25;4.6
644.5;4.52
644.75;4.56
645;4.56
645.25;4.6
645.5;4.52
645.75;4.56
646;4.6
646.25;4.6
646.5;4.52
646.75;4.6
647;4.56
647.25;4.64
647.5;4.52
647.75;4.56
648;4.56
648.25;4.64
648.5;4.56
648.75;4.6
649;4.56
649.25;4.64
649.5;4.56
649.75;4.6
650;4.6
650.25;4.64
650.5;4.56
650.75;4.6
651;4.6
651.25;4.68
651.5;4.56
651.75;4.6
652;4.6
652.25;4.68
652.5;4.56
652.75;4.6
653;4.6
653.25;4.68
653.5;4.56
653.75;4.64
654;4.6
654.25;4.68
654.5;4.6
654.75;4.64
655;4.6
655.25;4.68
655.5;4.6
655.75;4.64
656;4.64
656.25;4.68
656.5;4.6
656.75;4.64
657;4.64
657.25;4.68
657.5;4.6
657.75;4.64
658;4.64
658.25;4.72
658.5;4.6
658.75;4.64
659;4.68
659.25;4.72
659.5;4.6
659.75;4.68
660;4.64
660.25;4.72
660.5;4.64
660.75;4.68
661;4.68
661.25;4.72
661.5;4.64
661.75;4.68
662;4.68
662.25;4.72
662.5;4.64
662.75;4.72
663;4.68
663.25;4.72
663.5;4.64
663.75;4.68
664;4.68
664.25;4.72
664.5;4.64
664.75;4.68
665;4.72
665.25;4.76
665.5;4.68
665.75;4.68
666;4.68
666.25;4.76
666.5;4.68
666.75;4.72
667;4.72
667.25;4.76
667.5;4.68
667.75;4.72
668;4.72
668.25;4.76
668.5;4.68
668.75;4.72
669;4.72
669.25;4.8
669.5;4.68
669.75;4.76
670;4.76
670.25;4.8
670.5;4.68
670.75;4.76
671;4.76
671.25;4.8
671.5;4.72
671.75;4.72
672;4.76
672.25;4.8
672.5;4.72
672.75;4.76
673;4.76
673.25;4.8
673.5;4.72
673.75;4.76
674;4.76
674.25;4.84
674.5;4.72
674.75;4.76
675;4.8
675.25;4.84
675.5;4.72
675.75;4.8
676;4.8
676.25;4.84
676.5;4.76
676.75;4.76
677;4.76
677.25;4.84
677.5;4.76
677.75;4.8
678;4.8
678.25;4.84
678.5;4.76
678.75;4.8
679;4.8
679.25;4.84
679.5;4.76
679.75;4.8
680;4.8
680.25;4.84
680.5;4.76
680.75;4.8
681;4.84
681.25;4.88
681.5;4.76
681.75;4.8
682;4.84
682.25;4.88
682.5;4.76
682.75;4.84
683;4.84
683.25;4.88
683.5;4.8
683.75;4.84
684;4.84
684.25;4.88
684.5;4.8
684.75;4.88
685;4.84
685.25;4.92
685.5;4.8
685.75;4.84
686;4.88
686.25;4.92
686.5;4.8
686.75;4.84
687;4.84
687.25;4.92
687.5;4.84
687.75;4.88
688;4.88
688.25;4.92
688.5;4.84
688.75;4.88
689;4.84
689.25;4.92
689.5;4.84
689.75;4.88
690;4.88
690.25;4.92
690.5;4.84
690.75;4.92
691;4.88
691.25;4.92
691.5;4.84
691.75;4.88
692;4.92
692.25;4.96
692.5;4.84
692.75;4.88
693;4.92
693.25;4.96
693.5;4.88
693.75;4.92
694;4.92
694.25;4.96
694.5;4.88
694.75;4.92
695;4.92
695.25;4.96
695.5;4.88
695.75;4.92
696;4.92
696.25;4.96
696.5;4.88
696.75;4.92
697;4.92
697.25;4.96
697.5;4.88
697.75;4.92
698;4.96
698.25;5
698.5;4.88
698.75;4.92
699;4.96
699.25;5
699.5;4.92
699.75;4.96
700;4.96
700.25;5
700.5;4.92
700.75;4.96
701;4.96
701.25;5
701.5;4.92
701.75;5
702;5
702.25;5
702.5;4.92
702.75;4.96
703;5
703.25;5
703.5;4.92
703.75;4.96
704;4.96
704.25;5.04
704.5;4.96
704.75;5
705;5
705.25;5.04
705.5;4.96
705.75;4.96
706;5
706.25;5.04
706.5;4.96
706.75;5.04
707;5.04
707.25;5.04
707.5;4.96
707.75;5
708;5.04
708.25;5.08
708.5;4.96
708.75;5
709;5
709.25;5.08
709.5;5
709.75;5.04
710;5
710.25;5.08
710.5;5
710.75;5.04
711;5.04
711.25;5.08
711.5;5
711.75;5.04
712;5.04
712.25;5.08
712.5;5
712.75;5.04
713;5.04
713.25;5.12
713.5;5
713.75;5.04
714;5.04
714.25;5.12
714.5;5
714.75;5.08
715;5.08
715.25;5.12
715.5;5
715.75;5.08
716;5.08
716.25;5.12
716.5;5.04
716.75;5.08
717;5.08
717.25;5.12
717.5;5.04
717.75;5.08
718;5.08
718.25;5.12
718.5;5.04
718.75;5.12
719;5.08
719.25;5.16
719.5;5.04
719.75;5.12
720;5.08
720.25;5.16
720.5;5.04
720.75;5.08
721;5.08
721.25;5.16
721.5;5.08
721.75;5.12
722;5.12
722.25;5.16
722.5;5.08
722.75;5.12
723;5.12
723.25;5.16
723.5;5.08
723.75;5.16
724;5.12
724.25;5.2
724.5;5.08
724.75;5.16
725;5.16
725.25;5.2
725.5;5.08
725.75;5.12
726;5.16
726.25;5.2
726.5;5.12
726.75;5.12
727;5.12
727.25;5.2
727.5;5.12
727.75;5.16
728;5.16
728.25;5.2
728.5;5.12
728.75;5.16
729;5.16
729.25;5.2
729.5;5.12
729.75;5.2
730;5.16
730.25;5.2
730.5;5.12
730.75;5.2
731;5.2
731.25;5.24
731.5;5.12
731.75;5.2
732;5.2
732.25;5.24
732.5;5.16
732.75;5.2
733;5.16
733.25;5.24
733.5;5.16
733.75;5.2
734;5.2
734.25;5.24
734.5;5.16
734.75;5.2
735;5.2
735.25;5.24
735.5;5.16
735.75;5.2
736;5.2
736.25;5.24
736.5;5.16
736.75;5.2
737;5.2
737.25;5.24
737.5;5.16
737.75;5.2
738;5.2
738.25;5.28
738.5;5.16
738.75;5.2
739;5.2
739.25;5.24
739.5;5.16
739.75;5.2
740;5.2
740.25;5.28
740.5;5.16
740.75;5.24
741;5.2
741.25;5.28
741.5;5.16
741.75;5.2
742;5.2
742.25;5.24
742.5;5.16
742.75;5.2
743;5.2
743.25;5.24
743.5;5.16
743.75;5.2
744;5.2
744.25;5.24
744.5;5.16
744.75;5.2
745;5.2
745.25;5.24
745.5;5.16
745.75;5.2
746;5.2
746.25;5.24
746.5;5.16
746.75;5.2
747;5.2
747.25;5.24
747.5;5.16
747.75;5.2
748;5.2
748.25;5.24
748.5;5.16
748.75;5.2
749;5.2
749.25;5.24
749.5;5.16
749.75;5.2
750;5.2
750.25;5.24
750.5;5.16
750.75;5.2
751;5.2
751.25;5.24
751.5;5.16
751.75;5.2
752;5.2
752.25;5.24
752.5;5.16
752.75;5.2
753;5.2
753.25;5.24
753.5;5.16
753.75;5.2
754;5.2
754.25;5.24
754.5;5.16
754.75;5.2
755;5.2
755.25;5.24
755.5;5.16
755.75;5.24
756;5.2
756.25;5.24
756.5;5.16
756.75;5.2
757;5.24
757.25;5.24
757.5;5.16
757.75;5.2
758;5.2
758.25;5.24
758.5;5.16
758.75;5.2
759;5.2
759.25;5.24
759.5;5.16
759.75;5.2
