# Oscilloscope file ./20201025_015218.bin
# Channel 2
Time / s;Voltage / V
0;0.01
0.25;-0.004
0.5;0.002
0.75;0.002
1;0.01
1.25;-0.004
1.5;0.002
1.75;0.002
2;0.01
2.25;-0.004
2.5;0.004
2.75;0.002
3;0.008
3.25;-0.004
3.5;0.002
3.75;0.004
4;0.01
4.25;-0.004
4.5;0.002
4.75;0.004
5;0.01
5.25;-0.004
5.5;0.002
5.75;0.002
6;0.01
6.25;-0.004
6.5;0.002
6.75;0.002
7;0.012
7.25;-0.006
7.5;0.002
7.75;0.004
8;0.01
8.25;-0.004
8.5;0.002
8.75;0.004
9;0.01
9.25;-0.004
9.5;0.004
9.75;0.002
10;0.01
10.25;-0.004
10.5;0.004
10.75;0.002
11;0.008
11.25;-0.004
11.5;0.004
11.75;0.004
12;0.01
12.25;-0.006
12.5;0.004
12.75;0.004
13;0.01
13.25;-0.004
13.5;0.002
13.75;-0.002
14;0.01
14.25;-0.006
14.5;0.004
14.75;0.002
15;0.008
15.25;-0.004
15.5;0.002
15.75;0.002
16;0.01
16.25;-0.004
16.5;0.004
16.75;0.002
17;0.01
17.25;-0.006
17.5;-0.002
17.75;0.002
18;0.01
18.25;-0.004
18.5;0.002
18.75;0.004
19;0.01
19.25;-0.004
19.5;0.004
19.75;0.002
20;0.01
20.25;-0.004
20.5;0.004
20.75;0.002
21;0.01
21.25;-0.004
21.5;0.002
21.75;0.004
22;0.01
22.25;-0.004
22.5;0.004
22.75;0.004
23;0.01
23.25;-0.004
23.5;0.002
23.75;0.002
24;0.01
24.25;-0.004
24.5;0
24.75;0.002
25;0.01
25.25;-0.004
25.5;0.006
25.75;0.004
26;0.008
26.25;-0.004
26.5;0.002
26.75;0.004
27;0.01
27.25;-0.004
27.5;0.004
27.75;0.002
28;0.008
28.25;-0.004
28.5;0
28.75;0.002
29;0.008
29.25;-0.004
29.5;0
29.75;0
30;0.01
30.25;-0.004
30.5;0.004
30.75;0.004
31;0.01
31.25;-0.004
31.5;0.006
31.75;0.002
32;0.01
32.25;-0.004
32.5;0.006
32.75;0.004
33;0.008
33.25;-0.004
33.5;0.004
33.75;0.002
34;0.008
34.25;-0.004
34.5;0
34.75;0.004
35;0.008
35.25;-0.004
35.5;0.004
35.75;0.002
36;0.01
36.25;-0.006
36.5;0.004
36.75;0.002
37;0.01
37.25;-0.006
37.5;0.004
37.75;0.004
38;0.01
38.25;-0.006
38.5;0.002
38.75;0.006
39;0.01
39.25;-0.004
39.5;0.004
39.75;0.006
40;0.01
40.25;-0.004
40.5;0.004
40.75;0.002
41;0.01
41.25;-0.006
41.5;0.002
41.75;0.002
42;0.01
42.25;-0.004
42.5;0.004
42.75;0.004
43;0.01
43.25;-0.004
43.5;0.002
43.75;0.004
44;0.01
44.25;-0.004
44.5;0.002
44.75;0
45;0.008
45.25;-0.004
45.5;0.006
45.75;0.004
46;0.01
46.25;-0.004
46.5;0.004
46.75;0.006
47;0.01
47.25;-0.004
47.5;0.004
47.75;0.004
48;0.01
48.25;-0.004
48.5;0.004
48.75;0.004
49;0.01
49.25;-0.004
49.5;0.004
49.75;0.004
50;0.008
50.25;-0.004
50.5;0.004
50.75;0.004
51;0.01
51.25;-0.004
51.5;0.004
51.75;0.002
52;0.01
52.25;-0.004
52.5;0.004
52.75;0.004
53;0.01
53.25;-0.004
53.5;0.002
53.75;0.004
54;0.008
54.25;-0.004
54.5;0.002
54.75;0.002
55;0.01
55.25;-0.004
55.5;0.004
55.75;0.004
56;0.01
56.25;-0.004
56.5;0.006
56.75;0.004
57;0.01
57.25;-0.004
57.5;0.002
57.75;0.004
58;0.008
58.25;-0.004
58.5;0.004
58.75;0.004
59;0.01
59.25;-0.004
59.5;0.006
59.75;0.004
60;0.008
60.25;-0.004
60.5;0.004
60.75;0.004
61;0.01
61.25;-0.004
61.5;0.002
61.75;0.004
62;0.01
62.25;-0.004
62.5;0.006
62.75;0.002
63;0.01
63.25;-0.004
63.5;0.004
63.75;0.004
64;0.008
64.25;-0.004
64.5;0.002
64.75;0.004
65;0.01
65.25;-0.004
65.5;0.002
65.75;0.004
66;0.008
66.25;-0.004
66.5;0.002
66.75;0.004
67;0.01
67.25;-0.004
67.5;0.004
67.75;0.004
68;0.01
68.25;-0.004
68.5;0.002
68.75;0.006
69;0.008
69.25;-0.004
69.5;0.004
69.75;0.004
70;0.01
70.25;-0.004
70.5;0
70.75;0.004
71;0.008
71.25;-0.004
71.5;0.002
71.75;0.004
72;0.01
72.25;-0.004
72.5;0.002
72.75;0.002
73;0.008
73.25;-0.004
73.5;0.004
73.75;0.004
74;0.01
74.25;-0.004
74.5;0.004
74.75;0.004
75;0.008
75.25;-0.004
75.5;0.004
75.75;0.004
76;0.01
76.25;-0.004
76.5;0.002
76.75;0.004
77;0.01
77.25;-0.004
77.5;0.002
77.75;0.004
78;0.008
78.25;-0.004
78.5;0.004
78.75;0.004
79;0.01
79.25;-0.006
79.5;0.002
79.75;0.002
80;0.01
80.25;-0.004
80.5;0.004
80.75;0.002
81;0.01
81.25;-0.004
81.5;0.004
81.75;0.004
82;0.008
82.25;-0.004
82.5;0.004
82.75;0.004
83;0.01
83.25;-0.004
83.5;0.002
83.75;0.002
84;0.008
84.25;-0.006
84.5;-0.002
84.75;0.002
85;0.01
85.25;-0.004
85.5;0
85.75;0.004
86;0.01
86.25;-0.004
86.5;0.006
86.75;0.004
87;0.01
87.25;-0.006
87.5;0.002
87.75;0
88;0.008
88.25;-0.004
88.5;0.002
88.75;0.004
89;0.008
89.25;-0.004
89.5;0
89.75;0
90;0.01
90.25;-0.004
90.5;-0.002
90.75;0.004
91;0.008
91.25;-0.004
91.5;0.004
91.75;0.004
92;0.008
92.25;-0.004
92.5;0.002
92.75;0.002
93;0.008
93.25;-0.004
93.5;0.004
93.75;0.002
94;0.01
94.25;-0.004
94.5;0.004
94.75;0.002
95;0.01
95.25;-0.004
95.5;0.002
95.75;0.002
96;0.008
96.25;-0.004
96.5;0.002
96.75;0
97;0.008
97.25;-0.004
97.5;0.002
97.75;0.002
98;0.01
98.25;-0.004
98.5;0.002
98.75;0.002
99;0.008
99.25;-0.006
99.5;0.002
99.75;0.004
100;0.008
100.25;-0.004
100.5;0
100.75;0.002
101;0.008
101.25;-0.004
101.5;0.002
101.75;0.002
102;0.01
102.25;-0.004
102.5;0
102.75;0.002
103;0.008
103.25;-0.004
103.5;0
103.75;0.002
104;0.008
104.25;-0.004
104.5;0.002
104.75;0
105;0.008
105.25;-0.004
105.5;0.002
105.75;0.002
106;0.008
106.25;-0.006
106.5;0
106.75;0.002
107;0.008
107.25;-0.006
107.5;0.004
107.75;0.002
108;0.008
108.25;-0.004
108.5;0.002
108.75;0.002
109;0.008
109.25;-0.004
109.5;0.002
109.75;0.002
110;0.008
110.25;-0.006
110.5;0.002
110.75;0.002
111;0.006
111.25;-0.006
111.5;-0.002
111.75;0.002
112;0.006
112.25;-0.006
112.5;0.002
112.75;0
113;0.008
113.25;-0.004
113.5;0
113.75;-0.002
114;0.006
114.25;-0.006
114.5;-0.002
114.75;-0.002
115;0.008
115.25;-0.006
115.5;0
115.75;-0.002
116;0.006
116.25;-0.006
116.5;0
116.75;0
117;0.006
117.25;-0.006
117.5;-0.002
117.75;0.002
118;0.006
118.25;-0.006
118.5;-0.002
118.75;-0.004
119;0.006
119.25;-0.008
119.5;0
119.75;0
120;0.004
120.25;-0.008
120.5;0
120.75;0.002
121;0.004
121.25;-0.008
121.5;0
121.75;0
122;0.004
122.25;-0.008
122.5;0
122.75;-0.002
123;0.004
123.25;-0.008
123.5;-0.002
123.75;-0.004
124;0.002
124.25;-0.008
124.5;-0.004
124.75;-0.004
125;0.002
125.25;-0.008
125.5;-0.002
125.75;-0.002
126;0.002
126.25;-0.01
126.5;-0.002
126.75;-0.002
127;0.002
127.25;-0.01
127.5;-0.002
127.75;-0.004
128;0.002
128.25;-0.01
128.5;-0.002
128.75;-0.002
129;0
129.25;-0.01
129.5;-0.004
129.75;-0.004
130;0
130.25;-0.012
130.5;-0.004
130.75;-0.004
131;0
131.25;-0.012
131.5;-0.006
131.75;-0.006
132;0
132.25;-0.014
132.5;-0.006
132.75;-0.006
133;-0.002
133.25;-0.014
133.5;-0.008
133.75;-0.008
134;-0.002
134.25;-0.014
134.5;-0.008
134.75;-0.008
135;-0.004
135.25;-0.016
135.5;-0.008
135.75;-0.008
136;-0.004
136.25;-0.016
136.5;-0.01
136.75;-0.01
137;-0.006
137.25;-0.016
137.5;-0.01
137.75;-0.012
138;-0.006
138.25;-0.018
138.5;-0.012
138.75;-0.012
139;-0.008
139.25;-0.018
139.5;-0.012
139.75;-0.014
140;-0.008
140.25;-0.02
140.5;-0.014
140.75;-0.014
141;-0.008
141.25;-0.02
141.5;-0.016
141.75;-0.014
142;-0.01
142.25;-0.022
142.5;-0.014
142.75;-0.018
143;-0.012
143.25;-0.024
143.5;-0.014
143.75;-0.018
144;-0.012
144.25;-0.024
144.5;-0.018
144.75;-0.016
145;-0.012
145.25;-0.024
145.5;-0.018
145.75;-0.02
146;-0.014
146.25;-0.026
146.5;-0.022
146.75;-0.018
147;-0.016
147.25;-0.028
147.5;-0.022
147.75;-0.022
148;-0.016
148.25;-0.028
148.5;-0.024
148.75;-0.024
149;-0.018
149.25;-0.03
149.5;-0.024
149.75;-0.024
150;-0.02
150.25;-0.03
150.5;-0.026
150.75;-0.026
151;-0.02
151.25;-0.032
151.5;-0.026
151.75;-0.028
152;-0.022
152.25;-0.032
152.5;-0.028
152.75;-0.028
153;-0.024
153.25;-0.034
153.5;-0.028
153.75;-0.03
154;-0.024
154.25;-0.034
154.5;-0.03
154.75;-0.03
155;-0.024
155.25;-0.036
155.5;-0.032
155.75;-0.032
156;-0.026
156.25;-0.036
156.5;-0.032
156.75;-0.032
157;-0.028
157.25;-0.038
157.5;-0.034
157.75;-0.034
158;-0.028
158.25;-0.04
158.5;-0.034
158.75;-0.036
159;-0.03
159.25;-0.042
159.5;-0.036
159.75;-0.038
160;-0.03
160.25;-0.042
160.5;-0.036
160.75;-0.038
161;-0.032
161.25;-0.042
161.5;-0.038
161.75;-0.042
162;-0.032
162.25;-0.044
162.5;-0.04
162.75;-0.04
163;-0.034
163.25;-0.044
163.5;-0.038
163.75;-0.038
164;-0.034
164.25;-0.046
164.5;-0.04
164.75;-0.04
165;-0.036
165.25;-0.046
165.5;-0.04
165.75;-0.04
166;-0.036
166.25;-0.046
166.5;-0.042
166.75;-0.044
167;-0.036
167.25;-0.048
167.5;-0.044
167.75;-0.044
168;-0.036
168.25;-0.048
168.5;-0.042
168.75;-0.042
169;-0.036
169.25;-0.048
169.5;-0.042
169.75;-0.042
170;-0.038
170.25;-0.05
170.5;-0.044
170.75;-0.044
171;-0.038
171.25;-0.048
171.5;-0.044
171.75;-0.044
172;-0.038
172.25;-0.05
172.5;-0.046
172.75;-0.042
173;-0.04
173.25;-0.05
173.5;-0.044
173.75;-0.044
174;-0.04
174.25;-0.05
174.5;-0.048
174.75;-0.044
175;-0.04
175.25;-0.05
175.5;-0.046
175.75;-0.046
176;-0.04
176.25;-0.05
176.5;-0.046
176.75;-0.046
177;-0.042
177.25;-0.052
177.5;-0.046
177.75;-0.05
178;-0.04
178.25;-0.052
178.5;-0.046
178.75;-0.044
179;-0.042
179.25;-0.052
179.5;-0.044
179.75;-0.046
180;-0.042
180.25;-0.052
180.5;-0.048
180.75;-0.046
181;-0.04
181.25;-0.052
181.5;-0.046
181.75;-0.046
182;-0.04
182.25;-0.052
182.5;-0.046
182.75;-0.046
183;-0.042
183.25;-0.052
183.5;-0.046
183.75;-0.046
184;-0.042
184.25;-0.052
184.5;-0.046
184.75;-0.046
185;-0.04
185.25;-0.052
185.5;-0.048
185.75;-0.046
186;-0.042
186.25;-0.052
186.5;-0.046
186.75;-0.046
187;-0.04
187.25;-0.052
187.5;-0.046
187.75;-0.044
188;-0.04
188.25;-0.05
188.5;-0.044
188.75;-0.046
189;-0.04
189.25;-0.052
189.5;-0.044
189.75;-0.046
190;-0.04
190.25;-0.05
190.5;-0.046
190.75;-0.046
191;-0.038
191.25;-0.052
191.5;-0.048
191.75;-0.044
192;-0.04
192.25;-0.05
192.5;-0.046
192.75;-0.044
193;-0.04
193.25;-0.05
193.5;-0.044
193.75;-0.042
194;-0.038
194.25;-0.052
194.5;-0.044
194.75;-0.044
195;-0.04
195.25;-0.05
195.5;-0.044
195.75;-0.044
196;-0.04
196.25;-0.05
196.5;-0.044
196.75;-0.044
197;-0.038
197.25;-0.05
197.5;-0.044
197.75;-0.044
198;-0.038
198.25;-0.048
198.5;-0.044
198.75;-0.044
199;-0.038
199.25;-0.048
199.5;-0.042
199.75;-0.044
200;-0.036
200.25;-0.048
200.5;-0.044
200.75;-0.042
201;-0.038
201.25;-0.048
201.5;-0.044
201.75;-0.042
202;-0.038
202.25;-0.046
202.5;-0.042
202.75;-0.042
203;-0.036
203.25;-0.046
203.5;-0.042
203.75;-0.044
204;-0.036
204.25;-0.048
204.5;-0.044
204.75;-0.042
205;-0.036
205.25;-0.046
205.5;-0.042
205.75;-0.042
206;-0.036
206.25;-0.046
206.5;-0.042
206.75;-0.04
207;-0.034
207.25;-0.044
207.5;-0.04
207.75;-0.04
208;-0.034
208.25;-0.044
208.5;-0.042
208.75;-0.04
209;-0.034
209.25;-0.046
209.5;-0.038
209.75;-0.04
210;-0.034
210.25;-0.044
210.5;-0.04
210.75;-0.04
211;-0.034
211.25;-0.044
211.5;-0.036
211.75;-0.038
212;-0.034
212.25;-0.044
212.5;-0.038
212.75;-0.038
213;-0.032
213.25;-0.042
213.5;-0.038
213.75;-0.038
214;-0.034
214.25;-0.044
214.5;-0.038
214.75;-0.038
215;-0.032
215.25;-0.042
215.5;-0.038
215.75;-0.038
216;-0.032
216.25;-0.042
216.5;-0.038
216.75;-0.04
217;-0.032
217.25;-0.042
217.5;-0.038
217.75;-0.036
218;-0.032
218.25;-0.042
218.5;-0.038
218.75;-0.036
219;-0.03
219.25;-0.04
219.5;-0.036
219.75;-0.038
220;-0.03
220.25;-0.042
220.5;-0.036
220.75;-0.036
221;-0.03
221.25;-0.04
221.5;-0.036
221.75;-0.034
222;-0.03
222.25;-0.04
222.5;-0.036
222.75;-0.036
223;-0.03
223.25;-0.042
223.5;-0.034
223.75;-0.034
224;-0.026
224.25;-0.04
224.5;-0.034
224.75;-0.034
225;-0.03
225.25;-0.04
225.5;-0.032
225.75;-0.036
226;-0.028
226.25;-0.038
226.5;-0.034
226.75;-0.034
227;-0.028
227.25;-0.04
227.5;-0.034
227.75;-0.036
228;-0.028
228.25;-0.038
228.5;-0.034
228.75;-0.032
229;-0.028
229.25;-0.038
229.5;-0.032
229.75;-0.032
230;-0.026
230.25;-0.038
230.5;-0.032
230.75;-0.034
231;-0.026
231.25;-0.038
231.5;-0.032
231.75;-0.03
232;-0.026
232.25;-0.036
232.5;-0.032
232.75;-0.03
233;-0.026
233.25;-0.038
233.5;-0.03
233.75;-0.032
234;-0.026
234.25;-0.038
234.5;-0.03
234.75;-0.032
235;-0.026
235.25;-0.036
235.5;-0.032
235.75;-0.032
236;-0.022
236.25;-0.036
236.5;-0.032
236.75;-0.03
237;-0.024
237.25;-0.034
237.5;-0.028
237.75;-0.03
238;-0.024
238.25;-0.034
238.5;-0.028
238.75;-0.028
239;-0.024
239.25;-0.034
239.5;-0.028
239.75;-0.032
240;-0.022
240.25;-0.034
240.5;-0.026
240.75;-0.028
241;-0.024
241.25;-0.034
241.5;-0.028
241.75;-0.028
242;-0.022
242.25;-0.034
242.5;-0.026
242.75;-0.028
243;-0.022
243.25;-0.034
243.5;-0.024
243.75;-0.026
244;-0.02
244.25;-0.032
244.5;-0.028
244.75;-0.024
245;-0.02
245.25;-0.03
245.5;-0.026
245.75;-0.026
246;-0.02
246.25;-0.032
246.5;-0.022
246.75;-0.024
247;-0.02
247.25;-0.03
247.5;-0.024
247.75;-0.026
248;-0.018
248.25;-0.03
248.5;-0.022
248.75;-0.024
249;-0.018
249.25;-0.03
249.5;-0.024
249.75;-0.024
250;-0.018
250.25;-0.028
250.5;-0.022
250.75;-0.022
251;-0.016
251.25;-0.028
251.5;-0.022
251.75;-0.02
252;-0.016
252.25;-0.026
252.5;-0.022
252.75;-0.022
253;-0.016
253.25;-0.026
253.5;-0.018
253.75;-0.02
254;-0.014
254.25;-0.026
254.5;-0.018
254.75;-0.018
255;-0.014
255.25;-0.024
255.5;-0.018
255.75;-0.018
256;-0.014
256.25;-0.024
256.5;-0.018
256.75;-0.016
257;-0.012
257.25;-0.022
257.5;-0.016
257.75;-0.018
258;-0.012
258.25;-0.022
258.5;-0.016
258.75;-0.016
259;-0.01
259.25;-0.022
259.5;-0.014
259.75;-0.018
260;-0.008
260.25;-0.02
260.5;-0.016
260.75;-0.012
261;-0.008
261.25;-0.02
261.5;-0.01
261.75;-0.012
262;-0.008
262.25;-0.018
262.5;-0.014
262.75;-0.01
263;-0.006
263.25;-0.018
263.5;-0.01
263.75;-0.01
264;-0.006
264.25;-0.018
264.5;-0.008
264.75;-0.01
265;-0.004
265.25;-0.016
265.5;-0.006
265.75;-0.01
266;-0.004
266.25;-0.014
266.5;-0.01
266.75;-0.01
267;-0.002
267.25;-0.014
267.5;-0.008
267.75;-0.006
268;-0.002
268.25;-0.014
268.5;-0.006
268.75;-0.006
269;0
269.25;-0.014
269.5;-0.006
269.75;-0.008
270;0
270.25;-0.014
270.5;-0.004
270.75;-0.004
271;0
271.25;-0.012
271.5;-0.004
271.75;-0.006
272;0
272.25;-0.012
272.5;-0.004
272.75;-0.004
273;0.002
273.25;-0.01
273.5;-0.002
273.75;-0.004
274;0.002
274.25;-0.01
274.5;-0.004
274.75;-0.004
275;0.004
275.25;-0.01
275.5;-0.002
275.75;-0.002
276;0.004
276.25;-0.01
276.5;-0.002
276.75;0.002
277;0.004
277.25;-0.008
277.5;-0.002
277.75;-0.004
278;0.004
278.25;-0.008
278.5;0
278.75;0
279;0.004
279.25;-0.008
279.5;-0.002
279.75;0
280;0.006
280.25;-0.006
280.5;0.002
280.75;0.002
281;0.006
281.25;-0.008
281.5;-0.002
281.75;0
282;0.006
282.25;-0.008
282.5;0
282.75;0
283;0.006
283.25;-0.006
283.5;0
283.75;0.004
284;0.008
284.25;-0.008
284.5;0
284.75;0
285;0.006
285.25;-0.006
285.5;0
285.75;0.002
286;0.008
286.25;-0.006
286.5;0
286.75;-0.002
287;0.008
287.25;-0.006
287.5;0.002
287.75;0.004
288;0.006
288.25;-0.006
288.5;0.002
288.75;0.004
289;0.008
289.25;-0.006
289.5;0.004
289.75;0.002
290;0.008
290.25;-0.004
290.5;0.004
290.75;0.004
291;0.008
291.25;-0.004
291.5;0.004
291.75;0.004
292;0.008
292.25;-0.004
292.5;0
292.75;0
293;0.01
293.25;-0.006
293.5;0.004
293.75;0.004
294;0.008
294.25;-0.004
294.5;0
294.75;-0.002
295;0.008
295.25;-0.006
295.5;0.004
295.75;0.004
296;0.01
296.25;-0.004
296.5;0
296.75;-0.002
297;0.01
297.25;-0.004
297.5;0.004
297.75;0.004
298;0.008
298.25;-0.004
298.5;0.004
298.75;0
299;0.008
299.25;-0.006
299.5;0
299.75;0
300;0.01
300.25;-0.004
300.5;0.004
300.75;0.004
301;0.008
301.25;-0.004
301.5;0.002
301.75;0
302;0.008
302.25;-0.004
302.5;0.004
302.75;0.004
303;0.01
303.25;-0.006
303.5;0.002
303.75;0
304;0.008
304.25;-0.006
304.5;0.004
304.75;0.002
305;0.008
305.25;-0.006
305.5;0.004
305.75;0.004
306;0.008
306.25;-0.004
306.5;0.004
306.75;0.002
307;0.008
307.25;-0.004
307.5;0.004
307.75;0.004
308;0.01
308.25;-0.006
308.5;0
308.75;0.002
309;0.01
309.25;-0.004
309.5;0.002
309.75;0.002
310;0.008
310.25;-0.006
310.5;0.002
310.75;0.002
311;0.008
311.25;-0.004
311.5;0.004
311.75;0
312;0.008
312.25;-0.004
312.5;0
312.75;0.002
313;0.01
313.25;-0.006
313.5;0
313.75;0.002
314;0.008
314.25;-0.006
314.5;0.002
314.75;0.002
315;0.01
315.25;-0.004
315.5;0.004
315.75;0.002
316;0.008
316.25;-0.006
316.5;0.002
316.75;0
317;0.008
317.25;-0.006
317.5;0.002
317.75;0.002
318;0.008
318.25;-0.004
318.5;0.002
318.75;0.002
319;0.008
319.25;-0.006
319.5;0
319.75;0
320;0.008
320.25;-0.006
320.5;0.002
320.75;0.002
321;0.008
321.25;-0.006
321.5;0
321.75;-0.002
322;0.008
322.25;-0.006
322.5;0
322.75;0
323;0.008
323.25;-0.006
323.5;0.002
323.75;0.002
324;0.006
324.25;-0.006
324.5;-0.002
324.75;0
325;0.008
325.25;-0.006
325.5;-0.002
325.75;0
326;0.006
326.25;-0.008
326.5;-0.002
326.75;0
327;0.006
327.25;-0.006
327.5;0
327.75;0.004
328;0.006
328.25;-0.006
328.5;0
328.75;-0.002
329;0.006
329.25;-0.006
329.5;0.002
329.75;0.002
330;0.006
330.25;-0.006
330.5;0
330.75;0
331;0.004
331.25;-0.008
331.5;0
331.75;-0.002
332;0.006
332.25;-0.008
332.5;-0.002
332.75;-0.002
333;0.004
333.25;-0.008
333.5;-0.004
333.75;-0.002
334;0.004
334.25;-0.008
334.5;-0.004
334.75;-0.004
335;0.002
335.25;-0.008
335.5;-0.006
335.75;-0.004
336;0.002
336.25;-0.01
336.5;-0.006
336.75;-0.004
337;0.002
337.25;-0.01
337.5;-0.006
337.75;-0.002
338;0.002
338.25;-0.01
338.5;-0.006
338.75;-0.008
339;0
339.25;-0.012
339.5;-0.006
339.75;-0.006
340;0
340.25;-0.012
340.5;-0.006
340.75;-0.006
341;0.002
341.25;-0.012
341.5;-0.006
341.75;-0.008
342;-0.002
342.25;-0.014
342.5;-0.008
342.75;-0.008
343;-0.002
343.25;-0.014
343.5;-0.01
343.75;-0.008
344;-0.002
344.25;-0.016
344.5;-0.01
344.75;-0.01
345;-0.004
345.25;-0.016
345.5;-0.012
345.75;-0.014
346;-0.004
346.25;-0.018
346.5;-0.012
346.75;-0.012
347;-0.006
347.25;-0.018
347.5;-0.01
347.75;-0.012
348;-0.006
348.25;-0.018
348.5;-0.012
348.75;-0.012
349;-0.008
349.25;-0.02
349.5;-0.014
349.75;-0.014
350;-0.008
350.25;-0.02
350.5;-0.014
350.75;-0.016
351;-0.01
351.25;-0.02
351.5;-0.018
351.75;-0.016
352;-0.01
352.25;-0.022
352.5;-0.018
352.75;-0.018
353;-0.012
353.25;-0.022
353.5;-0.018
353.75;-0.016
354;-0.012
354.25;-0.022
354.5;-0.018
354.75;-0.018
355;-0.012
355.25;-0.024
355.5;-0.016
355.75;-0.02
356;-0.01
356.25;-0.024
356.5;-0.018
356.75;-0.016
357;-0.012
357.25;-0.024
357.5;-0.018
357.75;-0.022
358;-0.014
358.25;-0.024
358.5;-0.018
358.75;-0.02
359;-0.014
359.25;-0.024
359.5;-0.02
359.75;-0.022
360;-0.014
360.25;-0.026
360.5;-0.02
360.75;-0.018
361;-0.014
361.25;-0.024
361.5;-0.018
361.75;-0.02
362;-0.014
362.25;-0.024
362.5;-0.02
362.75;-0.022
363;-0.014
363.25;-0.026
363.5;-0.02
363.75;-0.02
364;-0.014
364.25;-0.024
364.5;-0.02
364.75;-0.02
365;-0.014
365.25;-0.024
365.5;-0.02
365.75;-0.02
366;-0.014
366.25;-0.024
366.5;-0.02
366.75;-0.02
367;-0.014
367.25;-0.024
367.5;-0.018
367.75;-0.02
368;-0.012
368.25;-0.024
368.5;-0.02
368.75;-0.018
369;-0.01
369.25;-0.022
369.5;-0.018
369.75;-0.018
370;-0.01
370.25;-0.022
370.5;-0.018
370.75;-0.018
371;-0.012
371.25;-0.022
371.5;-0.016
371.75;-0.016
372;-0.012
372.25;-0.022
372.5;-0.016
372.75;-0.018
373;-0.01
373.25;-0.02
373.5;-0.016
373.75;-0.016
374;-0.008
374.25;-0.02
374.5;-0.014
374.75;-0.014
375;-0.01
375.25;-0.022
375.5;-0.014
375.75;-0.014
376;-0.008
376.25;-0.02
376.5;-0.014
376.75;-0.014
377;-0.006
377.25;-0.018
377.5;-0.014
377.75;-0.012
378;-0.006
378.25;-0.018
378.5;-0.014
378.75;-0.014
379;-0.006
379.25;-0.016
379.5;-0.01
379.75;-0.012
380;-0.006
380.25;-0.016
380.5;-0.008
380.75;-0.01
381;-0.004
381.25;-0.016
381.5;-0.012
381.75;-0.01
382;-0.004
382.25;-0.016
382.5;-0.008
382.75;-0.008
383;-0.002
383.25;-0.014
383.5;-0.008
383.75;-0.008
384;-0.002
384.25;-0.014
384.5;-0.006
384.75;-0.006
385;-0.002
385.25;-0.016
385.5;-0.008
385.75;-0.004
386;-0.002
386.25;-0.014
386.5;-0.008
386.75;-0.006
387;0
387.25;-0.012
387.5;-0.004
387.75;-0.008
388;0.002
388.25;-0.012
388.5;-0.004
388.75;-0.004
389;0.002
389.25;-0.01
389.5;-0.006
389.75;-0.006
390;0.002
390.25;-0.012
390.5;-0.006
390.75;-0.006
391;0.002
391.25;-0.012
391.5;-0.004
391.75;-0.002
392;0.002
392.25;-0.01
392.5;-0.004
392.75;-0.004
393;0.004
393.25;-0.01
393.5;-0.002
393.75;-0.004
394;0.004
394.25;-0.008
394.5;-0.002
394.75;-0.002
395;0.002
395.25;-0.01
395.5;-0.004
395.75;0.002
396;0.004
396.25;-0.008
396.5;-0.002
396.75;-0.004
397;0.004
397.25;-0.008
397.5;-0.004
397.75;-0.006
398;0.004
398.25;-0.008
398.5;-0.002
398.75;0
399;0.004
399.25;-0.008
399.5;-0.004
399.75;-0.002
400;0.004
400.25;-0.01
400.5;0
400.75;-0.002
401;0.006
401.25;-0.008
401.5;0
401.75;-0.002
402;0.004
402.25;-0.01
402.5;-0.006
402.75;-0.004
403;0.004
403.25;-0.008
403.5;-0.002
403.75;-0.004
404;0.002
404.25;-0.01
404.5;-0.002
404.75;-0.004
405;0.002
405.25;-0.01
405.5;-0.004
405.75;-0.006
406;0.004
406.25;-0.01
406.5;-0.002
406.75;-0.002
407;0.002
407.25;-0.01
407.5;-0.004
407.75;-0.004
408;0.002
408.25;-0.01
408.5;-0.004
408.75;-0.006
409;0.002
409.25;-0.01
409.5;-0.006
409.75;-0.002
410;0.002
410.25;-0.012
410.5;-0.006
410.75;-0.006
411;0.002
411.25;-0.014
411.5;-0.006
411.75;-0.004
412;0
412.25;-0.012
412.5;-0.008
412.75;-0.006
413;0
413.25;-0.012
413.5;-0.008
413.75;-0.006
414;0
414.25;-0.012
414.5;-0.006
414.75;-0.008
415;-0.002
415.25;-0.014
415.5;-0.006
415.75;-0.008
416;-0.002
416.25;-0.014
416.5;-0.006
416.75;-0.008
417;-0.002
417.25;-0.014
417.5;-0.01
417.75;-0.01
418;-0.004
418.25;-0.014
418.5;-0.01
418.75;-0.012
419;-0.004
419.25;-0.016
419.5;-0.012
419.75;-0.012
420;-0.004
420.25;-0.016
420.5;-0.014
420.75;-0.014
421;-0.006
421.25;-0.016
421.5;-0.012
421.75;-0.012
422;-0.006
422.25;-0.018
422.5;-0.01
422.75;-0.014
423;-0.006
423.25;-0.018
423.5;-0.016
423.75;-0.016
424;-0.006
424.25;-0.018
424.5;-0.012
424.75;-0.012
425;-0.008
425.25;-0.018
425.5;-0.014
425.75;-0.01
426;-0.006
426.25;-0.018
426.5;-0.016
426.75;-0.012
427;-0.008
427.25;-0.018
427.5;-0.016
427.75;-0.014
428;-0.008
428.25;-0.018
428.5;-0.014
428.75;-0.014
429;-0.008
429.25;-0.018
429.5;-0.014
429.75;-0.016
430;-0.006
430.25;-0.018
430.5;-0.012
430.75;-0.012
431;-0.006
431.25;-0.018
431.5;-0.014
431.75;-0.012
432;-0.006
432.25;-0.016
432.5;-0.01
432.75;-0.012
433;-0.006
433.25;-0.016
433.5;-0.012
433.75;-0.012
434;-0.004
434.25;-0.016
434.5;-0.014
434.75;-0.012
435;-0.006
435.25;-0.016
435.5;-0.012
435.75;-0.012
436;-0.004
436.25;-0.016
436.5;-0.012
436.75;-0.01
437;-0.004
437.25;-0.016
437.5;-0.01
437.75;-0.008
438;-0.004
438.25;-0.014
438.5;-0.01
438.75;-0.01
439;-0.004
439.25;-0.014
439.5;-0.01
439.75;-0.012
440;-0.002
440.25;-0.014
440.5;-0.01
440.75;-0.012
441;-0.002
441.25;-0.014
441.5;-0.008
441.75;-0.01
442;-0.002
442.25;-0.014
442.5;-0.01
442.75;-0.01
443;-0.002
443.25;-0.014
443.5;-0.008
443.75;-0.008
444;-0.002
444.25;-0.014
444.5;-0.01
444.75;-0.008
445;-0.002
445.25;-0.014
445.5;-0.006
445.75;-0.008
446;-0.002
446.25;-0.014
446.5;-0.008
446.75;-0.008
447;0
447.25;-0.014
447.5;-0.01
447.75;-0.008
448;-0.002
448.25;-0.014
448.5;-0.01
448.75;-0.008
449;-0.002
449.25;-0.014
449.5;-0.01
449.75;-0.008
450;-0.002
450.25;-0.014
450.5;-0.006
450.75;-0.006
451;-0.002
451.25;-0.014
451.5;-0.01
451.75;-0.008
452;-0.004
452.25;-0.014
452.5;-0.01
452.75;-0.01
453;-0.004
453.25;-0.014
453.5;-0.01
453.75;-0.008
454;-0.004
454.25;-0.016
454.5;-0.01
454.75;-0.01
455;-0.004
455.25;-0.016
455.5;-0.012
455.75;-0.01
456;-0.004
456.25;-0.016
456.5;-0.008
456.75;-0.012
457;-0.004
457.25;-0.016
457.5;-0.008
457.75;-0.01
458;-0.004
458.25;-0.016
458.5;-0.01
458.75;-0.014
459;-0.004
459.25;-0.018
459.5;-0.014
459.75;-0.01
460;-0.006
460.25;-0.016
460.5;-0.012
460.75;-0.01
461;-0.006
461.25;-0.016
461.5;-0.014
461.75;-0.014
462;-0.006
462.25;-0.018
462.5;-0.01
462.75;-0.01
463;-0.006
463.25;-0.016
463.5;-0.014
463.75;-0.012
464;-0.006
464.25;-0.018
464.5;-0.014
464.75;-0.012
465;-0.006
465.25;-0.016
465.5;-0.012
465.75;-0.012
466;-0.006
466.25;-0.016
466.5;-0.014
466.75;-0.012
467;-0.006
467.25;-0.016
467.5;-0.012
467.75;-0.012
468;-0.006
468.25;-0.016
468.5;-0.012
468.75;-0.012
469;-0.006
469.25;-0.016
469.5;-0.01
469.75;-0.012
470;-0.006
470.25;-0.016
470.5;-0.012
470.75;-0.012
471;-0.006
471.25;-0.018
471.5;-0.012
471.75;-0.01
472;-0.004
472.25;-0.016
472.5;-0.01
472.75;-0.01
473;-0.006
473.25;-0.016
473.5;-0.01
473.75;-0.008
474;-0.006
474.25;-0.016
474.5;-0.01
474.75;-0.01
475;-0.006
475.25;-0.016
475.5;-0.012
475.75;-0.01
476;-0.006
476.25;-0.016
476.5;-0.012
476.75;-0.01
477;-0.004
477.25;-0.016
477.5;-0.014
477.75;-0.012
478;-0.006
478.25;-0.016
478.5;-0.012
478.75;-0.012
479;-0.006
479.25;-0.016
479.5;-0.012
479.75;-0.01
480;-0.006
480.25;-0.016
480.5;-0.012
480.75;-0.014
481;-0.006
481.25;-0.016
481.5;-0.01
481.75;-0.01
482;-0.006
482.25;-0.016
482.5;-0.01
482.75;-0.012
483;-0.006
483.25;-0.016
483.5;-0.012
483.75;-0.012
484;-0.006
484.25;-0.018
484.5;-0.012
484.75;-0.012
485;-0.006
485.25;-0.016
485.5;-0.012
485.75;-0.012
486;-0.006
486.25;-0.016
486.5;-0.01
486.75;-0.012
487;-0.006
487.25;-0.018
487.5;-0.014
487.75;-0.012
488;-0.006
488.25;-0.016
488.5;-0.01
488.75;-0.012
489;-0.006
489.25;-0.016
489.5;-0.012
489.75;-0.012
490;-0.006
490.25;-0.018
490.5;-0.014
490.75;-0.012
491;-0.006
491.25;-0.016
491.5;-0.01
491.75;-0.01
492;-0.006
492.25;-0.02
492.5;-0.012
492.75;-0.012
493;-0.006
493.25;-0.018
493.5;-0.014
493.75;-0.012
494;-0.006
494.25;-0.016
494.5;-0.012
494.75;-0.014
495;-0.006
495.25;-0.018
495.5;-0.01
495.75;-0.01
496;-0.006
496.25;-0.016
496.5;-0.012
496.75;-0.014
497;-0.006
497.25;-0.018
497.5;-0.012
497.75;-0.012
498;-0.006
498.25;-0.018
498.5;-0.012
498.75;-0.012
499;-0.006
499.25;-0.018
499.5;-0.012
499.75;-0.012
500;-0.008
500.25;-0.016
500.5;-0.014
500.75;-0.014
501;-0.008
501.25;-0.016
501.5;-0.014
501.75;-0.012
502;-0.006
502.25;-0.016
502.5;-0.012
502.75;-0.014
503;-0.006
503.25;-0.018
503.5;-0.012
503.75;-0.014
504;-0.008
504.25;-0.016
504.5;-0.012
504.75;-0.014
505;-0.008
505.25;-0.018
505.5;-0.014
505.75;-0.012
506;-0.008
506.25;-0.018
506.5;-0.012
506.75;-0.014
507;-0.008
507.25;-0.016
507.5;-0.012
507.75;-0.012
508;-0.008
508.25;-0.018
508.5;-0.012
508.75;-0.012
509;-0.008
509.25;-0.018
509.5;-0.014
509.75;-0.014
510;-0.006
510.25;-0.018
510.5;-0.014
510.75;-0.012
511;-0.008
511.25;-0.018
511.5;-0.014
511.75;-0.012
512;-0.008
512.25;-0.018
512.5;-0.014
512.75;-0.014
513;-0.008
513.25;-0.018
513.5;-0.014
513.75;-0.014
514;-0.008
514.25;-0.018
514.5;-0.012
514.75;-0.012
515;-0.006
515.25;-0.018
515.5;-0.012
515.75;-0.014
516;-0.008
516.25;-0.018
516.5;-0.012
516.75;-0.014
517;-0.008
517.25;-0.018
517.5;-0.014
517.75;-0.014
518;-0.008
518.25;-0.018
518.5;-0.012
518.75;-0.014
519;-0.006
519.25;-0.018
519.5;-0.01
519.75;-0.016
520;-0.006
520.25;-0.018
520.5;-0.012
520.75;-0.012
521;-0.008
521.25;-0.018
521.5;-0.012
521.75;-0.014
522;-0.008
522.25;-0.018
522.5;-0.014
522.75;-0.012
523;-0.008
523.25;-0.018
523.5;-0.014
523.75;-0.014
524;-0.008
524.25;-0.018
524.5;-0.014
524.75;-0.012
525;-0.008
525.25;-0.018
525.5;-0.014
525.75;-0.014
526;-0.008
526.25;-0.018
526.5;-0.012
526.75;-0.012
527;-0.008
527.25;-0.018
527.5;-0.014
527.75;-0.012
528;-0.008
528.25;-0.016
528.5;-0.012
528.75;-0.012
529;-0.008
529.25;-0.018
529.5;-0.012
529.75;-0.012
530;-0.008
530.25;-0.018
530.5;-0.012
530.75;-0.014
531;-0.008
531.25;-0.018
531.5;-0.012
531.75;-0.014
532;-0.008
532.25;-0.018
532.5;-0.014
532.75;-0.014
533;-0.008
533.25;-0.018
533.5;-0.014
533.75;-0.016
534;-0.008
534.25;-0.018
534.5;-0.012
534.75;-0.012
535;-0.008
535.25;-0.018
535.5;-0.012
535.75;-0.014
536;-0.008
536.25;-0.018
536.5;-0.014
536.75;-0.012
537;-0.008
537.25;-0.018
537.5;-0.014
537.75;-0.014
538;-0.008
538.25;-0.018
538.5;-0.012
538.75;-0.014
539;-0.008
539.25;-0.018
539.5;-0.012
539.75;-0.014
540;-0.008
540.25;-0.018
540.5;-0.014
540.75;-0.012
541;-0.008
541.25;-0.018
541.5;-0.012
541.75;-0.014
542;-0.008
542.25;-0.018
542.5;-0.014
542.75;-0.014
543;-0.008
543.25;-0.018
543.5;-0.012
543.75;-0.012
544;-0.008
544.25;-0.018
544.5;-0.014
544.75;-0.014
545;-0.008
545.25;-0.018
545.5;-0.014
545.75;-0.012
546;-0.008
546.25;-0.018
546.5;-0.014
546.75;-0.014
547;-0.008
547.25;-0.018
547.5;-0.012
547.75;-0.012
548;-0.008
548.25;-0.02
548.5;-0.012
548.75;-0.012
549;-0.008
549.25;-0.018
549.5;-0.014
549.75;-0.014
550;-0.008
550.25;-0.018
550.5;-0.014
550.75;-0.012
551;-0.008
551.25;-0.018
551.5;-0.012
551.75;-0.012
552;-0.008
552.25;-0.018
552.5;-0.014
552.75;-0.014
553;-0.008
553.25;-0.018
553.5;-0.014
553.75;-0.016
554;-0.008
554.25;-0.018
554.5;-0.012
554.75;-0.014
555;-0.008
555.25;-0.018
555.5;-0.014
555.75;-0.014
556;-0.008
556.25;-0.018
556.5;-0.014
556.75;-0.012
557;-0.008
557.25;-0.018
557.5;-0.014
557.75;-0.014
558;-0.008
558.25;-0.018
558.5;-0.012
558.75;-0.014
559;-0.008
559.25;-0.018
559.5;-0.014
559.75;-0.014
560;-0.008
560.25;-0.018
560.5;-0.014
560.75;-0.01
561;-0.008
561.25;-0.018
561.5;-0.014
561.75;-0.012
562;-0.008
562.25;-0.018
562.5;-0.014
562.75;-0.014
563;-0.008
563.25;-0.018
563.5;-0.014
563.75;-0.016
564;-0.008
564.25;-0.018
564.5;-0.012
564.75;-0.01
565;-0.008
565.25;-0.018
565.5;-0.014
565.75;-0.012
566;-0.01
566.25;-0.018
566.5;-0.014
566.75;-0.016
567;-0.008
567.25;-0.018
567.5;-0.014
567.75;-0.014
568;-0.01
568.25;-0.018
568.5;-0.014
568.75;-0.012
569;-0.008
569.25;-0.018
569.5;-0.014
569.75;-0.014
570;-0.01
570.25;-0.018
570.5;-0.012
570.75;-0.014
571;-0.01
571.25;-0.018
571.5;-0.014
571.75;-0.014
572;-0.008
572.25;-0.018
572.5;-0.014
572.75;-0.014
573;-0.008
573.25;-0.018
573.5;-0.014
573.75;-0.01
574;-0.01
574.25;-0.018
574.5;-0.014
574.75;-0.016
575;-0.01
575.25;-0.018
575.5;-0.014
575.75;-0.016
576;-0.01
576.25;-0.018
576.5;-0.014
576.75;-0.014
577;-0.008
577.25;-0.018
577.5;-0.012
577.75;-0.014
578;-0.008
578.25;-0.018
578.5;-0.014
578.75;-0.014
579;-0.008
579.25;-0.018
579.5;-0.014
579.75;-0.012
580;-0.01
580.25;-0.018
580.5;-0.014
580.75;-0.012
581;-0.01
581.25;-0.018
581.5;-0.014
581.75;-0.014
582;-0.008
582.25;-0.018
582.5;-0.014
582.75;-0.014
583;-0.008
583.25;-0.018
583.5;-0.014
583.75;-0.014
584;-0.01
584.25;-0.018
584.5;-0.016
584.75;-0.014
585;-0.01
585.25;-0.018
585.5;-0.014
585.75;-0.014
586;-0.01
586.25;-0.018
586.5;-0.012
586.75;-0.014
587;-0.01
587.25;-0.02
587.5;-0.014
587.75;-0.014
588;-0.008
588.25;-0.018
588.5;-0.014
588.75;-0.012
589;-0.008
589.25;-0.018
589.5;-0.014
589.75;-0.014
590;-0.01
590.25;-0.018
590.5;-0.016
590.75;-0.012
591;-0.008
591.25;-0.018
591.5;-0.014
591.75;-0.014
592;-0.01
592.25;-0.018
592.5;-0.012
592.75;-0.014
593;-0.01
593.25;-0.018
593.5;-0.014
593.75;-0.014
594;-0.01
594.25;-0.018
594.5;-0.014
594.75;-0.014
595;-0.008
595.25;-0.018
595.5;-0.014
595.75;-0.014
596;-0.008
596.25;-0.018
596.5;-0.014
596.75;-0.014
597;-0.008
597.25;-0.018
597.5;-0.014
597.75;-0.016
598;-0.01
598.25;-0.018
598.5;-0.014
598.75;-0.016
599;-0.008
599.25;-0.018
599.5;-0.014
599.75;-0.014
600;-0.01
